input.0.weight:
tensor([[ 2.3006e-07,  7.3164e-08,  1.8626e-08,  1.6440e-07,  1.5859e-07,
          1.0805e-07,  1.1044e-07,  9.6437e-08,  2.0090e-07,  1.1850e-07],
        [ 0.0000e+00,  0.0000e+00,  0.0000e+00,  0.0000e+00,  0.0000e+00,
          0.0000e+00,  0.0000e+00,  0.0000e+00,  0.0000e+00,  0.0000e+00],
        [ 7.4645e-07,  2.3739e-07,  6.0433e-08,  5.3341e-07,  5.1454e-07,
          3.5056e-07,  3.5834e-07,  3.1290e-07,  6.5183e-07,  3.8448e-07],
        [ 0.0000e+00,  0.0000e+00,  0.0000e+00,  0.0000e+00,  0.0000e+00,
          0.0000e+00,  0.0000e+00,  0.0000e+00,  0.0000e+00,  0.0000e+00],
        [ 0.0000e+00,  0.0000e+00,  0.0000e+00,  0.0000e+00,  0.0000e+00,
          0.0000e+00,  0.0000e+00,  0.0000e+00,  0.0000e+00,  0.0000e+00],
        [ 0.0000e+00,  0.0000e+00,  0.0000e+00,  0.0000e+00,  0.0000e+00,
          0.0000e+00,  0.0000e+00,  0.0000e+00,  0.0000e+00,  0.0000e+00],
        [ 2.1985e-06,  6.9917e-07,  1.7799e-07,  1.5711e-06,  1.5155e-06,
          1.0325e-06,  1.0554e-06,  9.2157e-07,  1.9198e-06,  1.1324e-06],
        [ 0.0000e+00,  0.0000e+00,  0.0000e+00,  0.0000e+00,  0.0000e+00,
          0.0000e+00,  0.0000e+00,  0.0000e+00,  0.0000e+00,  0.0000e+00],
        [ 0.0000e+00,  0.0000e+00,  0.0000e+00,  0.0000e+00,  0.0000e+00,
          0.0000e+00,  0.0000e+00,  0.0000e+00,  0.0000e+00,  0.0000e+00],
        [ 6.3633e-07,  2.0236e-07,  5.1517e-08,  4.5472e-07,  4.3863e-07,
          2.9884e-07,  3.0547e-07,  2.6673e-07,  5.5566e-07,  3.2776e-07],
        [ 2.0193e-06,  6.4217e-07,  1.6348e-07,  1.4430e-06,  1.3919e-06,
          9.4832e-07,  9.6936e-07,  8.4643e-07,  1.7633e-06,  1.0401e-06],
        [ 0.0000e+00,  0.0000e+00,  0.0000e+00,  0.0000e+00,  0.0000e+00,
          0.0000e+00,  0.0000e+00,  0.0000e+00,  0.0000e+00,  0.0000e+00],
        [-2.2255e-07, -7.0775e-08, -1.8018e-08, -1.5903e-07, -1.5341e-07,
         -1.0452e-07, -1.0684e-07, -9.3288e-08, -1.9434e-07, -1.1463e-07],
        [ 0.0000e+00,  0.0000e+00,  0.0000e+00,  0.0000e+00,  0.0000e+00,
          0.0000e+00,  0.0000e+00,  0.0000e+00,  0.0000e+00,  0.0000e+00],
        [ 0.0000e+00,  0.0000e+00,  0.0000e+00,  0.0000e+00,  0.0000e+00,
          0.0000e+00,  0.0000e+00,  0.0000e+00,  0.0000e+00,  0.0000e+00],
        [-1.4912e-06, -4.7422e-07, -1.2073e-07, -1.0656e-06, -1.0279e-06,
         -7.0031e-07, -7.1585e-07, -6.2507e-07, -1.3021e-06, -7.6808e-07],
        [ 0.0000e+00,  0.0000e+00,  0.0000e+00,  0.0000e+00,  0.0000e+00,
          0.0000e+00,  0.0000e+00,  0.0000e+00,  0.0000e+00,  0.0000e+00],
        [ 0.0000e+00,  0.0000e+00,  0.0000e+00,  0.0000e+00,  0.0000e+00,
          0.0000e+00,  0.0000e+00,  0.0000e+00,  0.0000e+00,  0.0000e+00],
        [-4.1374e-07, -1.3158e-07, -3.3496e-08, -2.9565e-07, -2.8520e-07,
         -1.9431e-07, -1.9862e-07, -1.7343e-07, -3.6129e-07, -2.1311e-07],
        [ 0.0000e+00,  0.0000e+00,  0.0000e+00,  0.0000e+00,  0.0000e+00,
          0.0000e+00,  0.0000e+00,  0.0000e+00,  0.0000e+00,  0.0000e+00],
        [ 0.0000e+00,  0.0000e+00,  0.0000e+00,  0.0000e+00,  0.0000e+00,
          0.0000e+00,  0.0000e+00,  0.0000e+00,  0.0000e+00,  0.0000e+00]])

input.0.bias:
tensor([ 2.5971e-07,  0.0000e+00,  8.4264e-07,  0.0000e+00,  0.0000e+00,
         0.0000e+00,  2.4818e-06,  0.0000e+00,  0.0000e+00,  7.1833e-07,
         2.2795e-06,  0.0000e+00, -2.5123e-07,  0.0000e+00,  0.0000e+00,
        -1.6833e-06,  0.0000e+00,  0.0000e+00, -4.6705e-07,  0.0000e+00,
         0.0000e+00])

hidden.0.weight:
tensor([[ 1.9857e-07,  0.0000e+00,  1.2797e-07,  0.0000e+00,  0.0000e+00,
          0.0000e+00,  4.2142e-07,  0.0000e+00,  0.0000e+00,  1.6650e-06,
          6.6203e-07,  0.0000e+00,  7.6115e-07,  0.0000e+00,  0.0000e+00,
          1.1216e-06,  0.0000e+00,  0.0000e+00,  1.2125e-07,  0.0000e+00,
          0.0000e+00],
        [ 0.0000e+00,  0.0000e+00,  0.0000e+00,  0.0000e+00,  0.0000e+00,
          0.0000e+00,  0.0000e+00,  0.0000e+00,  0.0000e+00,  0.0000e+00,
          0.0000e+00,  0.0000e+00,  0.0000e+00,  0.0000e+00,  0.0000e+00,
          0.0000e+00,  0.0000e+00,  0.0000e+00,  0.0000e+00,  0.0000e+00,
          0.0000e+00],
        [ 4.7689e-07,  0.0000e+00,  3.0733e-07,  0.0000e+00,  0.0000e+00,
          0.0000e+00,  1.0121e-06,  0.0000e+00,  0.0000e+00,  3.9988e-06,
          1.5899e-06,  0.0000e+00,  1.8280e-06,  0.0000e+00,  0.0000e+00,
          2.6938e-06,  0.0000e+00,  0.0000e+00,  2.9119e-07,  0.0000e+00,
          0.0000e+00],
        [ 0.0000e+00,  0.0000e+00,  0.0000e+00,  0.0000e+00,  0.0000e+00,
          0.0000e+00,  0.0000e+00,  0.0000e+00,  0.0000e+00,  0.0000e+00,
          0.0000e+00,  0.0000e+00,  0.0000e+00,  0.0000e+00,  0.0000e+00,
          0.0000e+00,  0.0000e+00,  0.0000e+00,  0.0000e+00,  0.0000e+00,
          0.0000e+00],
        [ 1.4587e-06,  0.0000e+00,  9.4006e-07,  0.0000e+00,  0.0000e+00,
          0.0000e+00,  3.0958e-06,  0.0000e+00,  0.0000e+00,  1.2231e-05,
          4.8633e-06,  0.0000e+00,  5.5915e-06,  0.0000e+00,  0.0000e+00,
          8.2397e-06,  0.0000e+00,  0.0000e+00,  8.9068e-07,  0.0000e+00,
          0.0000e+00],
        [ 0.0000e+00,  0.0000e+00,  0.0000e+00,  0.0000e+00,  0.0000e+00,
          0.0000e+00,  0.0000e+00,  0.0000e+00,  0.0000e+00,  0.0000e+00,
          0.0000e+00,  0.0000e+00,  0.0000e+00,  0.0000e+00,  0.0000e+00,
          0.0000e+00,  0.0000e+00,  0.0000e+00,  0.0000e+00,  0.0000e+00,
          0.0000e+00],
        [ 0.0000e+00,  0.0000e+00,  0.0000e+00,  0.0000e+00,  0.0000e+00,
          0.0000e+00,  0.0000e+00,  0.0000e+00,  0.0000e+00,  0.0000e+00,
          0.0000e+00,  0.0000e+00,  0.0000e+00,  0.0000e+00,  0.0000e+00,
          0.0000e+00,  0.0000e+00,  0.0000e+00,  0.0000e+00,  0.0000e+00,
          0.0000e+00],
        [ 0.0000e+00,  0.0000e+00,  0.0000e+00,  0.0000e+00,  0.0000e+00,
          0.0000e+00,  0.0000e+00,  0.0000e+00,  0.0000e+00,  0.0000e+00,
          0.0000e+00,  0.0000e+00,  0.0000e+00,  0.0000e+00,  0.0000e+00,
          0.0000e+00,  0.0000e+00,  0.0000e+00,  0.0000e+00,  0.0000e+00,
          0.0000e+00],
        [ 1.8552e-07,  0.0000e+00,  1.1956e-07,  0.0000e+00,  0.0000e+00,
          0.0000e+00,  3.9373e-07,  0.0000e+00,  0.0000e+00,  1.5556e-06,
          6.1852e-07,  0.0000e+00,  7.1113e-07,  0.0000e+00,  0.0000e+00,
          1.0479e-06,  0.0000e+00,  0.0000e+00,  1.1328e-07,  0.0000e+00,
          0.0000e+00],
        [-4.5177e-07,  0.0000e+00, -2.9115e-07,  0.0000e+00,  0.0000e+00,
          0.0000e+00, -9.5879e-07,  0.0000e+00,  0.0000e+00, -3.7882e-06,
         -1.5062e-06,  0.0000e+00, -1.7317e-06,  0.0000e+00,  0.0000e+00,
         -2.5519e-06,  0.0000e+00,  0.0000e+00, -2.7585e-07,  0.0000e+00,
          0.0000e+00],
        [ 9.4718e-07,  0.0000e+00,  6.1041e-07,  0.0000e+00,  0.0000e+00,
          0.0000e+00,  2.0102e-06,  0.0000e+00,  0.0000e+00,  7.9422e-06,
          3.1579e-06,  0.0000e+00,  3.6307e-06,  0.0000e+00,  0.0000e+00,
          5.3503e-06,  0.0000e+00,  0.0000e+00,  5.7834e-07,  0.0000e+00,
          0.0000e+00],
        [ 0.0000e+00,  0.0000e+00,  0.0000e+00,  0.0000e+00,  0.0000e+00,
          0.0000e+00,  0.0000e+00,  0.0000e+00,  0.0000e+00,  0.0000e+00,
          0.0000e+00,  0.0000e+00,  0.0000e+00,  0.0000e+00,  0.0000e+00,
          0.0000e+00,  0.0000e+00,  0.0000e+00,  0.0000e+00,  0.0000e+00,
          0.0000e+00],
        [ 0.0000e+00,  0.0000e+00,  0.0000e+00,  0.0000e+00,  0.0000e+00,
          0.0000e+00,  0.0000e+00,  0.0000e+00,  0.0000e+00,  0.0000e+00,
          0.0000e+00,  0.0000e+00,  0.0000e+00,  0.0000e+00,  0.0000e+00,
          0.0000e+00,  0.0000e+00,  0.0000e+00,  0.0000e+00,  0.0000e+00,
          0.0000e+00],
        [-5.8569e-07,  0.0000e+00, -3.7745e-07,  0.0000e+00,  0.0000e+00,
          0.0000e+00, -1.2430e-06,  0.0000e+00,  0.0000e+00, -4.9110e-06,
         -1.9527e-06,  0.0000e+00, -2.2450e-06,  0.0000e+00,  0.0000e+00,
         -3.3083e-06,  0.0000e+00,  0.0000e+00, -3.5762e-07,  0.0000e+00,
          0.0000e+00],
        [ 0.0000e+00,  0.0000e+00,  0.0000e+00,  0.0000e+00,  0.0000e+00,
          0.0000e+00,  0.0000e+00,  0.0000e+00,  0.0000e+00,  0.0000e+00,
          0.0000e+00,  0.0000e+00,  0.0000e+00,  0.0000e+00,  0.0000e+00,
          0.0000e+00,  0.0000e+00,  0.0000e+00,  0.0000e+00,  0.0000e+00,
          0.0000e+00],
        [ 0.0000e+00,  0.0000e+00,  0.0000e+00,  0.0000e+00,  0.0000e+00,
          0.0000e+00,  0.0000e+00,  0.0000e+00,  0.0000e+00,  0.0000e+00,
          0.0000e+00,  0.0000e+00,  0.0000e+00,  0.0000e+00,  0.0000e+00,
          0.0000e+00,  0.0000e+00,  0.0000e+00,  0.0000e+00,  0.0000e+00,
          0.0000e+00],
        [ 0.0000e+00,  0.0000e+00,  0.0000e+00,  0.0000e+00,  0.0000e+00,
          0.0000e+00,  0.0000e+00,  0.0000e+00,  0.0000e+00,  0.0000e+00,
          0.0000e+00,  0.0000e+00,  0.0000e+00,  0.0000e+00,  0.0000e+00,
          0.0000e+00,  0.0000e+00,  0.0000e+00,  0.0000e+00,  0.0000e+00,
          0.0000e+00],
        [ 0.0000e+00,  0.0000e+00,  0.0000e+00,  0.0000e+00,  0.0000e+00,
          0.0000e+00,  0.0000e+00,  0.0000e+00,  0.0000e+00,  0.0000e+00,
          0.0000e+00,  0.0000e+00,  0.0000e+00,  0.0000e+00,  0.0000e+00,
          0.0000e+00,  0.0000e+00,  0.0000e+00,  0.0000e+00,  0.0000e+00,
          0.0000e+00],
        [ 0.0000e+00,  0.0000e+00,  0.0000e+00,  0.0000e+00,  0.0000e+00,
          0.0000e+00,  0.0000e+00,  0.0000e+00,  0.0000e+00,  0.0000e+00,
          0.0000e+00,  0.0000e+00,  0.0000e+00,  0.0000e+00,  0.0000e+00,
          0.0000e+00,  0.0000e+00,  0.0000e+00,  0.0000e+00,  0.0000e+00,
          0.0000e+00],
        [ 0.0000e+00,  0.0000e+00,  0.0000e+00,  0.0000e+00,  0.0000e+00,
          0.0000e+00,  0.0000e+00,  0.0000e+00,  0.0000e+00,  0.0000e+00,
          0.0000e+00,  0.0000e+00,  0.0000e+00,  0.0000e+00,  0.0000e+00,
          0.0000e+00,  0.0000e+00,  0.0000e+00,  0.0000e+00,  0.0000e+00,
          0.0000e+00],
        [ 6.2124e-08,  0.0000e+00,  4.0036e-08,  0.0000e+00,  0.0000e+00,
          0.0000e+00,  1.3184e-07,  0.0000e+00,  0.0000e+00,  5.2091e-07,
          2.0712e-07,  0.0000e+00,  2.3813e-07,  0.0000e+00,  0.0000e+00,
          3.5092e-07,  0.0000e+00,  0.0000e+00,  3.7932e-08,  0.0000e+00,
          0.0000e+00]])

hidden.0.bias:
tensor([ 2.0584e-06,  0.0000e+00,  4.9436e-06,  0.0000e+00,  1.5121e-05,
         0.0000e+00,  0.0000e+00,  0.0000e+00,  1.9232e-06, -4.6832e-06,
         9.8188e-06,  0.0000e+00,  0.0000e+00, -6.0714e-06,  0.0000e+00,
         0.0000e+00,  0.0000e+00,  0.0000e+00,  0.0000e+00,  0.0000e+00,
         6.4399e-07])

hidden.2.weight:
tensor([[-3.1199e-06,  0.0000e+00, -2.0148e-06,  0.0000e+00, -6.2078e-07,
          0.0000e+00,  0.0000e+00,  0.0000e+00, -1.5610e-06, -1.8182e-07,
         -2.0288e-06,  0.0000e+00,  0.0000e+00, -1.4143e-06,  0.0000e+00,
          0.0000e+00,  0.0000e+00,  0.0000e+00,  0.0000e+00,  0.0000e+00,
         -1.4956e-06],
        [ 1.5259e-05,  0.0000e+00,  9.8541e-06,  0.0000e+00,  3.0362e-06,
          0.0000e+00,  0.0000e+00,  0.0000e+00,  7.6346e-06,  8.8930e-07,
          9.9230e-06,  0.0000e+00,  0.0000e+00,  6.9174e-06,  0.0000e+00,
          0.0000e+00,  0.0000e+00,  0.0000e+00,  0.0000e+00,  0.0000e+00,
          7.3149e-06],
        [-9.8578e-06,  0.0000e+00, -6.3660e-06,  0.0000e+00, -1.9615e-06,
          0.0000e+00,  0.0000e+00,  0.0000e+00, -4.9321e-06, -5.7451e-07,
         -6.4105e-06,  0.0000e+00,  0.0000e+00, -4.4688e-06,  0.0000e+00,
          0.0000e+00,  0.0000e+00,  0.0000e+00,  0.0000e+00,  0.0000e+00,
         -4.7256e-06],
        [ 0.0000e+00,  0.0000e+00,  0.0000e+00,  0.0000e+00,  0.0000e+00,
          0.0000e+00,  0.0000e+00,  0.0000e+00,  0.0000e+00,  0.0000e+00,
          0.0000e+00,  0.0000e+00,  0.0000e+00,  0.0000e+00,  0.0000e+00,
          0.0000e+00,  0.0000e+00,  0.0000e+00,  0.0000e+00,  0.0000e+00,
          0.0000e+00],
        [ 0.0000e+00,  0.0000e+00,  0.0000e+00,  0.0000e+00,  0.0000e+00,
          0.0000e+00,  0.0000e+00,  0.0000e+00,  0.0000e+00,  0.0000e+00,
          0.0000e+00,  0.0000e+00,  0.0000e+00,  0.0000e+00,  0.0000e+00,
          0.0000e+00,  0.0000e+00,  0.0000e+00,  0.0000e+00,  0.0000e+00,
          0.0000e+00],
        [ 0.0000e+00,  0.0000e+00,  0.0000e+00,  0.0000e+00,  0.0000e+00,
          0.0000e+00,  0.0000e+00,  0.0000e+00,  0.0000e+00,  0.0000e+00,
          0.0000e+00,  0.0000e+00,  0.0000e+00,  0.0000e+00,  0.0000e+00,
          0.0000e+00,  0.0000e+00,  0.0000e+00,  0.0000e+00,  0.0000e+00,
          0.0000e+00],
        [-6.1306e-06,  0.0000e+00, -3.9590e-06,  0.0000e+00, -1.2198e-06,
          0.0000e+00,  0.0000e+00,  0.0000e+00, -3.0673e-06, -3.5729e-07,
         -3.9867e-06,  0.0000e+00,  0.0000e+00, -2.7792e-06,  0.0000e+00,
          0.0000e+00,  0.0000e+00,  0.0000e+00,  0.0000e+00,  0.0000e+00,
         -2.9388e-06],
        [ 3.4721e-06,  0.0000e+00,  2.2422e-06,  0.0000e+00,  6.9086e-07,
          0.0000e+00,  0.0000e+00,  0.0000e+00,  1.7372e-06,  2.0235e-07,
          2.2579e-06,  0.0000e+00,  0.0000e+00,  1.5740e-06,  0.0000e+00,
          0.0000e+00,  0.0000e+00,  0.0000e+00,  0.0000e+00,  0.0000e+00,
          1.6644e-06],
        [-3.9112e-06,  0.0000e+00, -2.5258e-06,  0.0000e+00, -7.7824e-07,
          0.0000e+00,  0.0000e+00,  0.0000e+00, -1.9569e-06, -2.2795e-07,
         -2.5435e-06,  0.0000e+00,  0.0000e+00, -1.7731e-06,  0.0000e+00,
          0.0000e+00,  0.0000e+00,  0.0000e+00,  0.0000e+00,  0.0000e+00,
         -1.8749e-06],
        [ 0.0000e+00,  0.0000e+00,  0.0000e+00,  0.0000e+00,  0.0000e+00,
          0.0000e+00,  0.0000e+00,  0.0000e+00,  0.0000e+00,  0.0000e+00,
          0.0000e+00,  0.0000e+00,  0.0000e+00,  0.0000e+00,  0.0000e+00,
          0.0000e+00,  0.0000e+00,  0.0000e+00,  0.0000e+00,  0.0000e+00,
          0.0000e+00],
        [ 0.0000e+00,  0.0000e+00,  0.0000e+00,  0.0000e+00,  0.0000e+00,
          0.0000e+00,  0.0000e+00,  0.0000e+00,  0.0000e+00,  0.0000e+00,
          0.0000e+00,  0.0000e+00,  0.0000e+00,  0.0000e+00,  0.0000e+00,
          0.0000e+00,  0.0000e+00,  0.0000e+00,  0.0000e+00,  0.0000e+00,
          0.0000e+00],
        [ 0.0000e+00,  0.0000e+00,  0.0000e+00,  0.0000e+00,  0.0000e+00,
          0.0000e+00,  0.0000e+00,  0.0000e+00,  0.0000e+00,  0.0000e+00,
          0.0000e+00,  0.0000e+00,  0.0000e+00,  0.0000e+00,  0.0000e+00,
          0.0000e+00,  0.0000e+00,  0.0000e+00,  0.0000e+00,  0.0000e+00,
          0.0000e+00],
        [ 0.0000e+00,  0.0000e+00,  0.0000e+00,  0.0000e+00,  0.0000e+00,
          0.0000e+00,  0.0000e+00,  0.0000e+00,  0.0000e+00,  0.0000e+00,
          0.0000e+00,  0.0000e+00,  0.0000e+00,  0.0000e+00,  0.0000e+00,
          0.0000e+00,  0.0000e+00,  0.0000e+00,  0.0000e+00,  0.0000e+00,
          0.0000e+00],
        [ 1.0240e-05,  0.0000e+00,  6.6131e-06,  0.0000e+00,  2.0376e-06,
          0.0000e+00,  0.0000e+00,  0.0000e+00,  5.1236e-06,  5.9681e-07,
          6.6593e-06,  0.0000e+00,  0.0000e+00,  4.6423e-06,  0.0000e+00,
          0.0000e+00,  0.0000e+00,  0.0000e+00,  0.0000e+00,  0.0000e+00,
          4.9090e-06],
        [ 1.9020e-05,  0.0000e+00,  1.2283e-05,  0.0000e+00,  3.7845e-06,
          0.0000e+00,  0.0000e+00,  0.0000e+00,  9.5161e-06,  1.1085e-06,
          1.2368e-05,  0.0000e+00,  0.0000e+00,  8.6222e-06,  0.0000e+00,
          0.0000e+00,  0.0000e+00,  0.0000e+00,  0.0000e+00,  0.0000e+00,
          9.1176e-06],
        [ 0.0000e+00,  0.0000e+00,  0.0000e+00,  0.0000e+00,  0.0000e+00,
          0.0000e+00,  0.0000e+00,  0.0000e+00,  0.0000e+00,  0.0000e+00,
          0.0000e+00,  0.0000e+00,  0.0000e+00,  0.0000e+00,  0.0000e+00,
          0.0000e+00,  0.0000e+00,  0.0000e+00,  0.0000e+00,  0.0000e+00,
          0.0000e+00],
        [ 0.0000e+00,  0.0000e+00,  0.0000e+00,  0.0000e+00,  0.0000e+00,
          0.0000e+00,  0.0000e+00,  0.0000e+00,  0.0000e+00,  0.0000e+00,
          0.0000e+00,  0.0000e+00,  0.0000e+00,  0.0000e+00,  0.0000e+00,
          0.0000e+00,  0.0000e+00,  0.0000e+00,  0.0000e+00,  0.0000e+00,
          0.0000e+00],
        [ 0.0000e+00,  0.0000e+00,  0.0000e+00,  0.0000e+00,  0.0000e+00,
          0.0000e+00,  0.0000e+00,  0.0000e+00,  0.0000e+00,  0.0000e+00,
          0.0000e+00,  0.0000e+00,  0.0000e+00,  0.0000e+00,  0.0000e+00,
          0.0000e+00,  0.0000e+00,  0.0000e+00,  0.0000e+00,  0.0000e+00,
          0.0000e+00],
        [-4.7801e-06,  0.0000e+00, -3.0869e-06,  0.0000e+00, -9.5113e-07,
          0.0000e+00,  0.0000e+00,  0.0000e+00, -2.3916e-06, -2.7858e-07,
         -3.1085e-06,  0.0000e+00,  0.0000e+00, -2.1670e-06,  0.0000e+00,
          0.0000e+00,  0.0000e+00,  0.0000e+00,  0.0000e+00,  0.0000e+00,
         -2.2915e-06],
        [ 0.0000e+00,  0.0000e+00,  0.0000e+00,  0.0000e+00,  0.0000e+00,
          0.0000e+00,  0.0000e+00,  0.0000e+00,  0.0000e+00,  0.0000e+00,
          0.0000e+00,  0.0000e+00,  0.0000e+00,  0.0000e+00,  0.0000e+00,
          0.0000e+00,  0.0000e+00,  0.0000e+00,  0.0000e+00,  0.0000e+00,
          0.0000e+00],
        [ 0.0000e+00,  0.0000e+00,  0.0000e+00,  0.0000e+00,  0.0000e+00,
          0.0000e+00,  0.0000e+00,  0.0000e+00,  0.0000e+00,  0.0000e+00,
          0.0000e+00,  0.0000e+00,  0.0000e+00,  0.0000e+00,  0.0000e+00,
          0.0000e+00,  0.0000e+00,  0.0000e+00,  0.0000e+00,  0.0000e+00,
          0.0000e+00]])

hidden.2.bias:
tensor([-8.2777e-06,  4.0486e-05, -2.6155e-05,  0.0000e+00,  0.0000e+00,
         0.0000e+00, -1.6266e-05,  9.2122e-06, -1.0377e-05,  0.0000e+00,
         0.0000e+00,  0.0000e+00,  0.0000e+00,  2.7170e-05,  5.0464e-05,
         0.0000e+00,  0.0000e+00,  0.0000e+00, -1.2683e-05,  0.0000e+00,
         0.0000e+00])

hidden.4.weight:
tensor([[-1.2453e-07, -1.7817e-07, -1.8108e-07,  0.0000e+00,  0.0000e+00,
          0.0000e+00, -2.0899e-07, -1.5392e-07, -4.9654e-08,  0.0000e+00,
          0.0000e+00,  0.0000e+00,  0.0000e+00, -4.2558e-07, -1.8897e-07,
          0.0000e+00,  0.0000e+00,  0.0000e+00, -2.0961e-07,  0.0000e+00,
          0.0000e+00],
        [ 5.0325e-06,  7.2003e-06,  7.3176e-06,  0.0000e+00,  0.0000e+00,
          0.0000e+00,  8.4456e-06,  6.2200e-06,  2.0066e-06,  0.0000e+00,
          0.0000e+00,  0.0000e+00,  0.0000e+00,  1.7198e-05,  7.6367e-06,
          0.0000e+00,  0.0000e+00,  0.0000e+00,  8.4706e-06,  0.0000e+00,
          0.0000e+00],
        [-5.3613e-06, -7.6708e-06, -7.7958e-06,  0.0000e+00,  0.0000e+00,
          0.0000e+00, -8.9975e-06, -6.6264e-06, -2.1377e-06,  0.0000e+00,
          0.0000e+00,  0.0000e+00,  0.0000e+00, -1.8322e-05, -8.1357e-06,
          0.0000e+00,  0.0000e+00,  0.0000e+00, -9.0242e-06,  0.0000e+00,
          0.0000e+00],
        [-4.6187e-06, -6.6083e-06, -6.7160e-06,  0.0000e+00,  0.0000e+00,
          0.0000e+00, -7.7513e-06, -5.7086e-06, -1.8416e-06,  0.0000e+00,
          0.0000e+00,  0.0000e+00,  0.0000e+00, -1.5784e-05, -7.0089e-06,
          0.0000e+00,  0.0000e+00,  0.0000e+00, -7.7743e-06,  0.0000e+00,
          0.0000e+00],
        [-7.7897e-06, -1.1145e-05, -1.1327e-05,  0.0000e+00,  0.0000e+00,
          0.0000e+00, -1.3073e-05, -9.6278e-06, -3.1060e-06,  0.0000e+00,
          0.0000e+00,  0.0000e+00,  0.0000e+00, -2.6621e-05, -1.1821e-05,
          0.0000e+00,  0.0000e+00,  0.0000e+00, -1.3112e-05,  0.0000e+00,
          0.0000e+00],
        [ 0.0000e+00,  0.0000e+00,  0.0000e+00,  0.0000e+00,  0.0000e+00,
          0.0000e+00,  0.0000e+00,  0.0000e+00,  0.0000e+00,  0.0000e+00,
          0.0000e+00,  0.0000e+00,  0.0000e+00,  0.0000e+00,  0.0000e+00,
          0.0000e+00,  0.0000e+00,  0.0000e+00,  0.0000e+00,  0.0000e+00,
          0.0000e+00],
        [ 0.0000e+00,  0.0000e+00,  0.0000e+00,  0.0000e+00,  0.0000e+00,
          0.0000e+00,  0.0000e+00,  0.0000e+00,  0.0000e+00,  0.0000e+00,
          0.0000e+00,  0.0000e+00,  0.0000e+00,  0.0000e+00,  0.0000e+00,
          0.0000e+00,  0.0000e+00,  0.0000e+00,  0.0000e+00,  0.0000e+00,
          0.0000e+00],
        [ 0.0000e+00,  0.0000e+00,  0.0000e+00,  0.0000e+00,  0.0000e+00,
          0.0000e+00,  0.0000e+00,  0.0000e+00,  0.0000e+00,  0.0000e+00,
          0.0000e+00,  0.0000e+00,  0.0000e+00,  0.0000e+00,  0.0000e+00,
          0.0000e+00,  0.0000e+00,  0.0000e+00,  0.0000e+00,  0.0000e+00,
          0.0000e+00],
        [ 0.0000e+00,  0.0000e+00,  0.0000e+00,  0.0000e+00,  0.0000e+00,
          0.0000e+00,  0.0000e+00,  0.0000e+00,  0.0000e+00,  0.0000e+00,
          0.0000e+00,  0.0000e+00,  0.0000e+00,  0.0000e+00,  0.0000e+00,
          0.0000e+00,  0.0000e+00,  0.0000e+00,  0.0000e+00,  0.0000e+00,
          0.0000e+00],
        [ 2.4754e-06,  3.5418e-06,  3.5995e-06,  0.0000e+00,  0.0000e+00,
          0.0000e+00,  4.1543e-06,  3.0596e-06,  9.8704e-07,  0.0000e+00,
          0.0000e+00,  0.0000e+00,  0.0000e+00,  8.4597e-06,  3.7564e-06,
          0.0000e+00,  0.0000e+00,  0.0000e+00,  4.1667e-06,  0.0000e+00,
          0.0000e+00],
        [-5.1450e-06, -7.3613e-06, -7.4813e-06,  0.0000e+00,  0.0000e+00,
          0.0000e+00, -8.6345e-06, -6.3591e-06, -2.0515e-06,  0.0000e+00,
          0.0000e+00,  0.0000e+00,  0.0000e+00, -1.7583e-05, -7.8075e-06,
          0.0000e+00,  0.0000e+00,  0.0000e+00, -8.6601e-06,  0.0000e+00,
          0.0000e+00],
        [ 0.0000e+00,  0.0000e+00,  0.0000e+00,  0.0000e+00,  0.0000e+00,
          0.0000e+00,  0.0000e+00,  0.0000e+00,  0.0000e+00,  0.0000e+00,
          0.0000e+00,  0.0000e+00,  0.0000e+00,  0.0000e+00,  0.0000e+00,
          0.0000e+00,  0.0000e+00,  0.0000e+00,  0.0000e+00,  0.0000e+00,
          0.0000e+00],
        [ 0.0000e+00,  0.0000e+00,  0.0000e+00,  0.0000e+00,  0.0000e+00,
          0.0000e+00,  0.0000e+00,  0.0000e+00,  0.0000e+00,  0.0000e+00,
          0.0000e+00,  0.0000e+00,  0.0000e+00,  0.0000e+00,  0.0000e+00,
          0.0000e+00,  0.0000e+00,  0.0000e+00,  0.0000e+00,  0.0000e+00,
          0.0000e+00],
        [ 4.2541e-06,  6.0866e-06,  6.1858e-06,  0.0000e+00,  0.0000e+00,
          0.0000e+00,  7.1393e-06,  5.2579e-06,  1.6962e-06,  0.0000e+00,
          0.0000e+00,  0.0000e+00,  0.0000e+00,  1.4538e-05,  6.4555e-06,
          0.0000e+00,  0.0000e+00,  0.0000e+00,  7.1605e-06,  0.0000e+00,
          0.0000e+00],
        [-6.4926e-06, -9.2894e-06, -9.4409e-06,  0.0000e+00,  0.0000e+00,
          0.0000e+00, -1.0896e-05, -8.0247e-06, -2.5888e-06,  0.0000e+00,
          0.0000e+00,  0.0000e+00,  0.0000e+00, -2.2188e-05, -9.8525e-06,
          0.0000e+00,  0.0000e+00,  0.0000e+00, -1.0928e-05,  0.0000e+00,
          0.0000e+00],
        [ 0.0000e+00,  0.0000e+00,  0.0000e+00,  0.0000e+00,  0.0000e+00,
          0.0000e+00,  0.0000e+00,  0.0000e+00,  0.0000e+00,  0.0000e+00,
          0.0000e+00,  0.0000e+00,  0.0000e+00,  0.0000e+00,  0.0000e+00,
          0.0000e+00,  0.0000e+00,  0.0000e+00,  0.0000e+00,  0.0000e+00,
          0.0000e+00],
        [-3.1594e-06, -4.5203e-06, -4.5940e-06,  0.0000e+00,  0.0000e+00,
          0.0000e+00, -5.3022e-06, -3.9049e-06, -1.2598e-06,  0.0000e+00,
          0.0000e+00,  0.0000e+00,  0.0000e+00, -1.0797e-05, -4.7943e-06,
          0.0000e+00,  0.0000e+00,  0.0000e+00, -5.3179e-06,  0.0000e+00,
          0.0000e+00],
        [ 0.0000e+00,  0.0000e+00,  0.0000e+00,  0.0000e+00,  0.0000e+00,
          0.0000e+00,  0.0000e+00,  0.0000e+00,  0.0000e+00,  0.0000e+00,
          0.0000e+00,  0.0000e+00,  0.0000e+00,  0.0000e+00,  0.0000e+00,
          0.0000e+00,  0.0000e+00,  0.0000e+00,  0.0000e+00,  0.0000e+00,
          0.0000e+00],
        [ 0.0000e+00,  0.0000e+00,  0.0000e+00,  0.0000e+00,  0.0000e+00,
          0.0000e+00,  0.0000e+00,  0.0000e+00,  0.0000e+00,  0.0000e+00,
          0.0000e+00,  0.0000e+00,  0.0000e+00,  0.0000e+00,  0.0000e+00,
          0.0000e+00,  0.0000e+00,  0.0000e+00,  0.0000e+00,  0.0000e+00,
          0.0000e+00],
        [ 0.0000e+00,  0.0000e+00,  0.0000e+00,  0.0000e+00,  0.0000e+00,
          0.0000e+00,  0.0000e+00,  0.0000e+00,  0.0000e+00,  0.0000e+00,
          0.0000e+00,  0.0000e+00,  0.0000e+00,  0.0000e+00,  0.0000e+00,
          0.0000e+00,  0.0000e+00,  0.0000e+00,  0.0000e+00,  0.0000e+00,
          0.0000e+00],
        [ 0.0000e+00,  0.0000e+00,  0.0000e+00,  0.0000e+00,  0.0000e+00,
          0.0000e+00,  0.0000e+00,  0.0000e+00,  0.0000e+00,  0.0000e+00,
          0.0000e+00,  0.0000e+00,  0.0000e+00,  0.0000e+00,  0.0000e+00,
          0.0000e+00,  0.0000e+00,  0.0000e+00,  0.0000e+00,  0.0000e+00,
          0.0000e+00]])

hidden.4.bias:
tensor([-1.5987e-06,  6.4605e-05, -6.8827e-05, -5.9294e-05, -1.0000e-04,
         0.0000e+00,  0.0000e+00,  0.0000e+00,  0.0000e+00,  3.1779e-05,
        -6.6050e-05,  0.0000e+00,  0.0000e+00,  5.4613e-05, -8.3351e-05,
         0.0000e+00, -4.0560e-05,  0.0000e+00,  0.0000e+00,  0.0000e+00,
         0.0000e+00])

hidden.6.weight:
tensor([[ 0.0000e+00,  0.0000e+00,  0.0000e+00,  0.0000e+00,  0.0000e+00,
          0.0000e+00,  0.0000e+00,  0.0000e+00,  0.0000e+00,  0.0000e+00,
          0.0000e+00,  0.0000e+00,  0.0000e+00,  0.0000e+00,  0.0000e+00,
          0.0000e+00,  0.0000e+00,  0.0000e+00,  0.0000e+00,  0.0000e+00,
          0.0000e+00],
        [ 0.0000e+00,  0.0000e+00,  0.0000e+00,  0.0000e+00,  0.0000e+00,
          0.0000e+00,  0.0000e+00,  0.0000e+00,  0.0000e+00,  0.0000e+00,
          0.0000e+00,  0.0000e+00,  0.0000e+00,  0.0000e+00,  0.0000e+00,
          0.0000e+00,  0.0000e+00,  0.0000e+00,  0.0000e+00,  0.0000e+00,
          0.0000e+00],
        [ 0.0000e+00,  0.0000e+00,  0.0000e+00,  0.0000e+00,  0.0000e+00,
          0.0000e+00,  0.0000e+00,  0.0000e+00,  0.0000e+00,  0.0000e+00,
          0.0000e+00,  0.0000e+00,  0.0000e+00,  0.0000e+00,  0.0000e+00,
          0.0000e+00,  0.0000e+00,  0.0000e+00,  0.0000e+00,  0.0000e+00,
          0.0000e+00],
        [ 0.0000e+00,  0.0000e+00,  0.0000e+00,  0.0000e+00,  0.0000e+00,
          0.0000e+00,  0.0000e+00,  0.0000e+00,  0.0000e+00,  0.0000e+00,
          0.0000e+00,  0.0000e+00,  0.0000e+00,  0.0000e+00,  0.0000e+00,
          0.0000e+00,  0.0000e+00,  0.0000e+00,  0.0000e+00,  0.0000e+00,
          0.0000e+00],
        [ 0.0000e+00,  0.0000e+00,  0.0000e+00,  0.0000e+00,  0.0000e+00,
          0.0000e+00,  0.0000e+00,  0.0000e+00,  0.0000e+00,  0.0000e+00,
          0.0000e+00,  0.0000e+00,  0.0000e+00,  0.0000e+00,  0.0000e+00,
          0.0000e+00,  0.0000e+00,  0.0000e+00,  0.0000e+00,  0.0000e+00,
          0.0000e+00],
        [ 0.0000e+00,  0.0000e+00,  0.0000e+00,  0.0000e+00,  0.0000e+00,
          0.0000e+00,  0.0000e+00,  0.0000e+00,  0.0000e+00,  0.0000e+00,
          0.0000e+00,  0.0000e+00,  0.0000e+00,  0.0000e+00,  0.0000e+00,
          0.0000e+00,  0.0000e+00,  0.0000e+00,  0.0000e+00,  0.0000e+00,
          0.0000e+00],
        [ 5.7191e-05,  2.2678e-05,  2.4723e-06,  4.2571e-05,  5.8011e-05,
          0.0000e+00,  0.0000e+00,  0.0000e+00,  0.0000e+00,  1.4813e-05,
          3.5797e-05,  0.0000e+00,  0.0000e+00,  8.5338e-05,  2.6310e-06,
          0.0000e+00,  1.9807e-05,  0.0000e+00,  0.0000e+00,  0.0000e+00,
          0.0000e+00],
        [ 0.0000e+00,  0.0000e+00,  0.0000e+00,  0.0000e+00,  0.0000e+00,
          0.0000e+00,  0.0000e+00,  0.0000e+00,  0.0000e+00,  0.0000e+00,
          0.0000e+00,  0.0000e+00,  0.0000e+00,  0.0000e+00,  0.0000e+00,
          0.0000e+00,  0.0000e+00,  0.0000e+00,  0.0000e+00,  0.0000e+00,
          0.0000e+00],
        [-3.3983e-06, -1.3475e-06, -1.4691e-07, -2.5296e-06, -3.4471e-06,
          0.0000e+00,  0.0000e+00,  0.0000e+00,  0.0000e+00, -8.8021e-07,
         -2.1271e-06,  0.0000e+00,  0.0000e+00, -5.0709e-06, -1.5634e-07,
          0.0000e+00, -1.1769e-06,  0.0000e+00,  0.0000e+00,  0.0000e+00,
          0.0000e+00],
        [ 0.0000e+00,  0.0000e+00,  0.0000e+00,  0.0000e+00,  0.0000e+00,
          0.0000e+00,  0.0000e+00,  0.0000e+00,  0.0000e+00,  0.0000e+00,
          0.0000e+00,  0.0000e+00,  0.0000e+00,  0.0000e+00,  0.0000e+00,
          0.0000e+00,  0.0000e+00,  0.0000e+00,  0.0000e+00,  0.0000e+00,
          0.0000e+00],
        [ 5.9543e-06,  2.3610e-06,  2.5740e-07,  4.4322e-06,  6.0397e-06,
          0.0000e+00,  0.0000e+00,  0.0000e+00,  0.0000e+00,  1.5422e-06,
          3.7269e-06,  0.0000e+00,  0.0000e+00,  8.8848e-06,  2.7392e-07,
          0.0000e+00,  2.0621e-06,  0.0000e+00,  0.0000e+00,  0.0000e+00,
          0.0000e+00],
        [ 0.0000e+00,  0.0000e+00,  0.0000e+00,  0.0000e+00,  0.0000e+00,
          0.0000e+00,  0.0000e+00,  0.0000e+00,  0.0000e+00,  0.0000e+00,
          0.0000e+00,  0.0000e+00,  0.0000e+00,  0.0000e+00,  0.0000e+00,
          0.0000e+00,  0.0000e+00,  0.0000e+00,  0.0000e+00,  0.0000e+00,
          0.0000e+00],
        [ 0.0000e+00,  0.0000e+00,  0.0000e+00,  0.0000e+00,  0.0000e+00,
          0.0000e+00,  0.0000e+00,  0.0000e+00,  0.0000e+00,  0.0000e+00,
          0.0000e+00,  0.0000e+00,  0.0000e+00,  0.0000e+00,  0.0000e+00,
          0.0000e+00,  0.0000e+00,  0.0000e+00,  0.0000e+00,  0.0000e+00,
          0.0000e+00],
        [ 0.0000e+00,  0.0000e+00,  0.0000e+00,  0.0000e+00,  0.0000e+00,
          0.0000e+00,  0.0000e+00,  0.0000e+00,  0.0000e+00,  0.0000e+00,
          0.0000e+00,  0.0000e+00,  0.0000e+00,  0.0000e+00,  0.0000e+00,
          0.0000e+00,  0.0000e+00,  0.0000e+00,  0.0000e+00,  0.0000e+00,
          0.0000e+00],
        [-1.6762e-05, -6.6465e-06, -7.2458e-07, -1.2477e-05, -1.7002e-05,
          0.0000e+00,  0.0000e+00,  0.0000e+00,  0.0000e+00, -4.3414e-06,
         -1.0491e-05,  0.0000e+00,  0.0000e+00, -2.5011e-05, -7.7109e-07,
          0.0000e+00, -5.8050e-06,  0.0000e+00,  0.0000e+00,  0.0000e+00,
          0.0000e+00],
        [ 0.0000e+00,  0.0000e+00,  0.0000e+00,  0.0000e+00,  0.0000e+00,
          0.0000e+00,  0.0000e+00,  0.0000e+00,  0.0000e+00,  0.0000e+00,
          0.0000e+00,  0.0000e+00,  0.0000e+00,  0.0000e+00,  0.0000e+00,
          0.0000e+00,  0.0000e+00,  0.0000e+00,  0.0000e+00,  0.0000e+00,
          0.0000e+00],
        [ 0.0000e+00,  0.0000e+00,  0.0000e+00,  0.0000e+00,  0.0000e+00,
          0.0000e+00,  0.0000e+00,  0.0000e+00,  0.0000e+00,  0.0000e+00,
          0.0000e+00,  0.0000e+00,  0.0000e+00,  0.0000e+00,  0.0000e+00,
          0.0000e+00,  0.0000e+00,  0.0000e+00,  0.0000e+00,  0.0000e+00,
          0.0000e+00],
        [ 8.7884e-05,  3.4849e-05,  3.7991e-06,  6.5419e-05,  8.9145e-05,
          0.0000e+00,  0.0000e+00,  0.0000e+00,  0.0000e+00,  2.2763e-05,
          5.5008e-05,  0.0000e+00,  0.0000e+00,  1.3114e-04,  4.0430e-06,
          0.0000e+00,  3.0437e-05,  0.0000e+00,  0.0000e+00,  0.0000e+00,
          0.0000e+00],
        [ 3.1081e-05,  1.2325e-05,  1.3436e-06,  2.3136e-05,  3.1527e-05,
          0.0000e+00,  0.0000e+00,  0.0000e+00,  0.0000e+00,  8.0504e-06,
          1.9454e-05,  0.0000e+00,  0.0000e+00,  4.6378e-05,  1.4298e-06,
          0.0000e+00,  1.0764e-05,  0.0000e+00,  0.0000e+00,  0.0000e+00,
          0.0000e+00],
        [-1.2800e-05, -5.0755e-06, -5.5331e-07, -9.5278e-06, -1.2983e-05,
          0.0000e+00,  0.0000e+00,  0.0000e+00,  0.0000e+00, -3.3153e-06,
         -8.0116e-06,  0.0000e+00,  0.0000e+00, -1.9099e-05, -5.8883e-07,
          0.0000e+00, -4.4329e-06,  0.0000e+00,  0.0000e+00,  0.0000e+00,
          0.0000e+00],
        [ 0.0000e+00,  0.0000e+00,  0.0000e+00,  0.0000e+00,  0.0000e+00,
          0.0000e+00,  0.0000e+00,  0.0000e+00,  0.0000e+00,  0.0000e+00,
          0.0000e+00,  0.0000e+00,  0.0000e+00,  0.0000e+00,  0.0000e+00,
          0.0000e+00,  0.0000e+00,  0.0000e+00,  0.0000e+00,  0.0000e+00,
          0.0000e+00]])

hidden.6.bias:
tensor([ 0.0000e+00,  0.0000e+00,  0.0000e+00,  0.0000e+00,  0.0000e+00,
         0.0000e+00,  2.9694e-04,  0.0000e+00, -1.7644e-05,  0.0000e+00,
         3.0915e-05,  0.0000e+00,  0.0000e+00,  0.0000e+00, -8.7027e-05,
         0.0000e+00,  0.0000e+00,  4.5630e-04,  1.6137e-04, -6.6457e-05,
         0.0000e+00])

hidden.8.weight:
tensor([[ 0.0000e+00,  0.0000e+00,  0.0000e+00,  0.0000e+00,  0.0000e+00,
          0.0000e+00,  0.0000e+00,  0.0000e+00,  0.0000e+00,  0.0000e+00,
          0.0000e+00,  0.0000e+00,  0.0000e+00,  0.0000e+00,  0.0000e+00,
          0.0000e+00,  0.0000e+00,  0.0000e+00,  0.0000e+00,  0.0000e+00,
          0.0000e+00],
        [ 0.0000e+00,  0.0000e+00,  0.0000e+00,  0.0000e+00,  0.0000e+00,
          0.0000e+00, -1.1484e-04,  0.0000e+00, -1.1136e-04,  0.0000e+00,
         -8.5380e-05,  0.0000e+00,  0.0000e+00,  0.0000e+00, -4.9128e-05,
          0.0000e+00,  0.0000e+00, -1.0786e-04, -1.2011e-04, -1.0979e-05,
          0.0000e+00],
        [ 0.0000e+00,  0.0000e+00,  0.0000e+00,  0.0000e+00,  0.0000e+00,
          0.0000e+00,  0.0000e+00,  0.0000e+00,  0.0000e+00,  0.0000e+00,
          0.0000e+00,  0.0000e+00,  0.0000e+00,  0.0000e+00,  0.0000e+00,
          0.0000e+00,  0.0000e+00,  0.0000e+00,  0.0000e+00,  0.0000e+00,
          0.0000e+00],
        [ 0.0000e+00,  0.0000e+00,  0.0000e+00,  0.0000e+00,  0.0000e+00,
          0.0000e+00,  0.0000e+00,  0.0000e+00,  0.0000e+00,  0.0000e+00,
          0.0000e+00,  0.0000e+00,  0.0000e+00,  0.0000e+00,  0.0000e+00,
          0.0000e+00,  0.0000e+00,  0.0000e+00,  0.0000e+00,  0.0000e+00,
          0.0000e+00],
        [ 0.0000e+00,  0.0000e+00,  0.0000e+00,  0.0000e+00,  0.0000e+00,
          0.0000e+00,  0.0000e+00,  0.0000e+00,  0.0000e+00,  0.0000e+00,
          0.0000e+00,  0.0000e+00,  0.0000e+00,  0.0000e+00,  0.0000e+00,
          0.0000e+00,  0.0000e+00,  0.0000e+00,  0.0000e+00,  0.0000e+00,
          0.0000e+00],
        [ 0.0000e+00,  0.0000e+00,  0.0000e+00,  0.0000e+00,  0.0000e+00,
          0.0000e+00, -1.2893e-04,  0.0000e+00, -1.2502e-04,  0.0000e+00,
         -9.5853e-05,  0.0000e+00,  0.0000e+00,  0.0000e+00, -5.5154e-05,
          0.0000e+00,  0.0000e+00, -1.2109e-04, -1.3484e-04, -1.2326e-05,
          0.0000e+00],
        [ 0.0000e+00,  0.0000e+00,  0.0000e+00,  0.0000e+00,  0.0000e+00,
          0.0000e+00,  0.0000e+00,  0.0000e+00,  0.0000e+00,  0.0000e+00,
          0.0000e+00,  0.0000e+00,  0.0000e+00,  0.0000e+00,  0.0000e+00,
          0.0000e+00,  0.0000e+00,  0.0000e+00,  0.0000e+00,  0.0000e+00,
          0.0000e+00],
        [ 0.0000e+00,  0.0000e+00,  0.0000e+00,  0.0000e+00,  0.0000e+00,
          0.0000e+00,  1.2113e-04,  0.0000e+00,  1.1746e-04,  0.0000e+00,
          9.0060e-05,  0.0000e+00,  0.0000e+00,  0.0000e+00,  5.1821e-05,
          0.0000e+00,  0.0000e+00,  1.1377e-04,  1.2669e-04,  1.1581e-05,
          0.0000e+00],
        [ 0.0000e+00,  0.0000e+00,  0.0000e+00,  0.0000e+00,  0.0000e+00,
          0.0000e+00,  1.0603e-04,  0.0000e+00,  1.0282e-04,  0.0000e+00,
          7.8830e-05,  0.0000e+00,  0.0000e+00,  0.0000e+00,  4.5359e-05,
          0.0000e+00,  0.0000e+00,  9.9586e-05,  1.1089e-04,  1.0137e-05,
          0.0000e+00],
        [ 0.0000e+00,  0.0000e+00,  0.0000e+00,  0.0000e+00,  0.0000e+00,
          0.0000e+00,  0.0000e+00,  0.0000e+00,  0.0000e+00,  0.0000e+00,
          0.0000e+00,  0.0000e+00,  0.0000e+00,  0.0000e+00,  0.0000e+00,
          0.0000e+00,  0.0000e+00,  0.0000e+00,  0.0000e+00,  0.0000e+00,
          0.0000e+00],
        [ 0.0000e+00,  0.0000e+00,  0.0000e+00,  0.0000e+00,  0.0000e+00,
          0.0000e+00,  0.0000e+00,  0.0000e+00,  0.0000e+00,  0.0000e+00,
          0.0000e+00,  0.0000e+00,  0.0000e+00,  0.0000e+00,  0.0000e+00,
          0.0000e+00,  0.0000e+00,  0.0000e+00,  0.0000e+00,  0.0000e+00,
          0.0000e+00],
        [ 0.0000e+00,  0.0000e+00,  0.0000e+00,  0.0000e+00,  0.0000e+00,
          0.0000e+00,  0.0000e+00,  0.0000e+00,  0.0000e+00,  0.0000e+00,
          0.0000e+00,  0.0000e+00,  0.0000e+00,  0.0000e+00,  0.0000e+00,
          0.0000e+00,  0.0000e+00,  0.0000e+00,  0.0000e+00,  0.0000e+00,
          0.0000e+00],
        [ 0.0000e+00,  0.0000e+00,  0.0000e+00,  0.0000e+00,  0.0000e+00,
          0.0000e+00,  0.0000e+00,  0.0000e+00,  0.0000e+00,  0.0000e+00,
          0.0000e+00,  0.0000e+00,  0.0000e+00,  0.0000e+00,  0.0000e+00,
          0.0000e+00,  0.0000e+00,  0.0000e+00,  0.0000e+00,  0.0000e+00,
          0.0000e+00],
        [ 0.0000e+00,  0.0000e+00,  0.0000e+00,  0.0000e+00,  0.0000e+00,
          0.0000e+00,  0.0000e+00,  0.0000e+00,  0.0000e+00,  0.0000e+00,
          0.0000e+00,  0.0000e+00,  0.0000e+00,  0.0000e+00,  0.0000e+00,
          0.0000e+00,  0.0000e+00,  0.0000e+00,  0.0000e+00,  0.0000e+00,
          0.0000e+00],
        [ 0.0000e+00,  0.0000e+00,  0.0000e+00,  0.0000e+00,  0.0000e+00,
          0.0000e+00,  0.0000e+00,  0.0000e+00,  0.0000e+00,  0.0000e+00,
          0.0000e+00,  0.0000e+00,  0.0000e+00,  0.0000e+00,  0.0000e+00,
          0.0000e+00,  0.0000e+00,  0.0000e+00,  0.0000e+00,  0.0000e+00,
          0.0000e+00],
        [ 0.0000e+00,  0.0000e+00,  0.0000e+00,  0.0000e+00,  0.0000e+00,
          0.0000e+00,  1.4019e-05,  0.0000e+00,  1.3595e-05,  0.0000e+00,
          1.0423e-05,  0.0000e+00,  0.0000e+00,  0.0000e+00,  5.9975e-06,
          0.0000e+00,  0.0000e+00,  1.3168e-05,  1.4663e-05,  1.3403e-06,
          0.0000e+00],
        [ 0.0000e+00,  0.0000e+00,  0.0000e+00,  0.0000e+00,  0.0000e+00,
          0.0000e+00,  0.0000e+00,  0.0000e+00,  0.0000e+00,  0.0000e+00,
          0.0000e+00,  0.0000e+00,  0.0000e+00,  0.0000e+00,  0.0000e+00,
          0.0000e+00,  0.0000e+00,  0.0000e+00,  0.0000e+00,  0.0000e+00,
          0.0000e+00],
        [ 0.0000e+00,  0.0000e+00,  0.0000e+00,  0.0000e+00,  0.0000e+00,
          0.0000e+00,  0.0000e+00,  0.0000e+00,  0.0000e+00,  0.0000e+00,
          0.0000e+00,  0.0000e+00,  0.0000e+00,  0.0000e+00,  0.0000e+00,
          0.0000e+00,  0.0000e+00,  0.0000e+00,  0.0000e+00,  0.0000e+00,
          0.0000e+00],
        [ 0.0000e+00,  0.0000e+00,  0.0000e+00,  0.0000e+00,  0.0000e+00,
          0.0000e+00,  1.7497e-04,  0.0000e+00,  1.6966e-04,  0.0000e+00,
          1.3008e-04,  0.0000e+00,  0.0000e+00,  0.0000e+00,  7.4850e-05,
          0.0000e+00,  0.0000e+00,  1.6433e-04,  1.8299e-04,  1.6728e-05,
          0.0000e+00],
        [ 0.0000e+00,  0.0000e+00,  0.0000e+00,  0.0000e+00,  0.0000e+00,
          0.0000e+00, -5.9947e-05,  0.0000e+00, -5.8130e-05,  0.0000e+00,
         -4.4569e-05,  0.0000e+00,  0.0000e+00,  0.0000e+00, -2.5645e-05,
          0.0000e+00,  0.0000e+00, -5.6304e-05, -6.2697e-05, -5.7312e-06,
          0.0000e+00],
        [ 0.0000e+00,  0.0000e+00,  0.0000e+00,  0.0000e+00,  0.0000e+00,
          0.0000e+00,  0.0000e+00,  0.0000e+00,  0.0000e+00,  0.0000e+00,
          0.0000e+00,  0.0000e+00,  0.0000e+00,  0.0000e+00,  0.0000e+00,
          0.0000e+00,  0.0000e+00,  0.0000e+00,  0.0000e+00,  0.0000e+00,
          0.0000e+00]])

hidden.8.bias:
tensor([ 0.0000e+00, -6.7583e-04,  0.0000e+00,  0.0000e+00,  0.0000e+00,
        -7.5873e-04,  0.0000e+00,  7.1288e-04,  6.2398e-04,  0.0000e+00,
         0.0000e+00,  0.0000e+00,  0.0000e+00,  0.0000e+00,  0.0000e+00,
         8.2505e-05,  0.0000e+00,  0.0000e+00,  1.0297e-03, -3.5279e-04,
         0.0000e+00])

hidden.10.weight:
tensor([[ 0.0000e+00, -2.6606e-05,  0.0000e+00,  0.0000e+00,  0.0000e+00,
         -8.2750e-05,  0.0000e+00, -1.0183e-05, -1.7052e-05,  0.0000e+00,
          0.0000e+00,  0.0000e+00,  0.0000e+00,  0.0000e+00,  0.0000e+00,
         -1.2832e-04,  0.0000e+00,  0.0000e+00, -2.8390e-05, -6.7609e-05,
          0.0000e+00],
        [ 0.0000e+00,  0.0000e+00,  0.0000e+00,  0.0000e+00,  0.0000e+00,
          0.0000e+00,  0.0000e+00,  0.0000e+00,  0.0000e+00,  0.0000e+00,
          0.0000e+00,  0.0000e+00,  0.0000e+00,  0.0000e+00,  0.0000e+00,
          0.0000e+00,  0.0000e+00,  0.0000e+00,  0.0000e+00,  0.0000e+00,
          0.0000e+00],
        [ 0.0000e+00, -1.2828e-04,  0.0000e+00,  0.0000e+00,  0.0000e+00,
         -3.9896e-04,  0.0000e+00, -4.9093e-05, -8.2211e-05,  0.0000e+00,
          0.0000e+00,  0.0000e+00,  0.0000e+00,  0.0000e+00,  0.0000e+00,
         -6.1865e-04,  0.0000e+00,  0.0000e+00, -1.3688e-04, -3.2596e-04,
          0.0000e+00],
        [ 0.0000e+00,  0.0000e+00,  0.0000e+00,  0.0000e+00,  0.0000e+00,
          0.0000e+00,  0.0000e+00,  0.0000e+00,  0.0000e+00,  0.0000e+00,
          0.0000e+00,  0.0000e+00,  0.0000e+00,  0.0000e+00,  0.0000e+00,
          0.0000e+00,  0.0000e+00,  0.0000e+00,  0.0000e+00,  0.0000e+00,
          0.0000e+00],
        [ 0.0000e+00,  0.0000e+00,  0.0000e+00,  0.0000e+00,  0.0000e+00,
          0.0000e+00,  0.0000e+00,  0.0000e+00,  0.0000e+00,  0.0000e+00,
          0.0000e+00,  0.0000e+00,  0.0000e+00,  0.0000e+00,  0.0000e+00,
          0.0000e+00,  0.0000e+00,  0.0000e+00,  0.0000e+00,  0.0000e+00,
          0.0000e+00],
        [ 0.0000e+00,  0.0000e+00,  0.0000e+00,  0.0000e+00,  0.0000e+00,
          0.0000e+00,  0.0000e+00,  0.0000e+00,  0.0000e+00,  0.0000e+00,
          0.0000e+00,  0.0000e+00,  0.0000e+00,  0.0000e+00,  0.0000e+00,
          0.0000e+00,  0.0000e+00,  0.0000e+00,  0.0000e+00,  0.0000e+00,
          0.0000e+00],
        [ 0.0000e+00,  0.0000e+00,  0.0000e+00,  0.0000e+00,  0.0000e+00,
          0.0000e+00,  0.0000e+00,  0.0000e+00,  0.0000e+00,  0.0000e+00,
          0.0000e+00,  0.0000e+00,  0.0000e+00,  0.0000e+00,  0.0000e+00,
          0.0000e+00,  0.0000e+00,  0.0000e+00,  0.0000e+00,  0.0000e+00,
          0.0000e+00],
        [ 0.0000e+00,  0.0000e+00,  0.0000e+00,  0.0000e+00,  0.0000e+00,
          0.0000e+00,  0.0000e+00,  0.0000e+00,  0.0000e+00,  0.0000e+00,
          0.0000e+00,  0.0000e+00,  0.0000e+00,  0.0000e+00,  0.0000e+00,
          0.0000e+00,  0.0000e+00,  0.0000e+00,  0.0000e+00,  0.0000e+00,
          0.0000e+00],
        [ 0.0000e+00, -3.3117e-05,  0.0000e+00,  0.0000e+00,  0.0000e+00,
         -1.0300e-04,  0.0000e+00, -1.2674e-05, -2.1224e-05,  0.0000e+00,
          0.0000e+00,  0.0000e+00,  0.0000e+00,  0.0000e+00,  0.0000e+00,
         -1.5971e-04,  0.0000e+00,  0.0000e+00, -3.5337e-05, -8.4152e-05,
          0.0000e+00],
        [ 0.0000e+00,  0.0000e+00,  0.0000e+00,  0.0000e+00,  0.0000e+00,
          0.0000e+00,  0.0000e+00,  0.0000e+00,  0.0000e+00,  0.0000e+00,
          0.0000e+00,  0.0000e+00,  0.0000e+00,  0.0000e+00,  0.0000e+00,
          0.0000e+00,  0.0000e+00,  0.0000e+00,  0.0000e+00,  0.0000e+00,
          0.0000e+00],
        [ 0.0000e+00,  1.7345e-05,  0.0000e+00,  0.0000e+00,  0.0000e+00,
          5.3947e-05,  0.0000e+00,  6.6382e-06,  1.1116e-05,  0.0000e+00,
          0.0000e+00,  0.0000e+00,  0.0000e+00,  0.0000e+00,  0.0000e+00,
          8.3652e-05,  0.0000e+00,  0.0000e+00,  1.8508e-05,  4.4076e-05,
          0.0000e+00],
        [ 0.0000e+00,  0.0000e+00,  0.0000e+00,  0.0000e+00,  0.0000e+00,
          0.0000e+00,  0.0000e+00,  0.0000e+00,  0.0000e+00,  0.0000e+00,
          0.0000e+00,  0.0000e+00,  0.0000e+00,  0.0000e+00,  0.0000e+00,
          0.0000e+00,  0.0000e+00,  0.0000e+00,  0.0000e+00,  0.0000e+00,
          0.0000e+00],
        [ 0.0000e+00, -2.9139e-05,  0.0000e+00,  0.0000e+00,  0.0000e+00,
         -9.0628e-05,  0.0000e+00, -1.1152e-05, -1.8675e-05,  0.0000e+00,
          0.0000e+00,  0.0000e+00,  0.0000e+00,  0.0000e+00,  0.0000e+00,
         -1.4053e-04,  0.0000e+00,  0.0000e+00, -3.1092e-05, -7.4044e-05,
          0.0000e+00],
        [ 0.0000e+00,  0.0000e+00,  0.0000e+00,  0.0000e+00,  0.0000e+00,
          0.0000e+00,  0.0000e+00,  0.0000e+00,  0.0000e+00,  0.0000e+00,
          0.0000e+00,  0.0000e+00,  0.0000e+00,  0.0000e+00,  0.0000e+00,
          0.0000e+00,  0.0000e+00,  0.0000e+00,  0.0000e+00,  0.0000e+00,
          0.0000e+00],
        [ 0.0000e+00,  1.1758e-04,  0.0000e+00,  0.0000e+00,  0.0000e+00,
          3.6571e-04,  0.0000e+00,  4.5001e-05,  7.5359e-05,  0.0000e+00,
          0.0000e+00,  0.0000e+00,  0.0000e+00,  0.0000e+00,  0.0000e+00,
          5.6708e-04,  0.0000e+00,  0.0000e+00,  1.2547e-04,  2.9879e-04,
          0.0000e+00],
        [ 0.0000e+00,  1.0084e-04,  0.0000e+00,  0.0000e+00,  0.0000e+00,
          3.1363e-04,  0.0000e+00,  3.8592e-05,  6.4627e-05,  0.0000e+00,
          0.0000e+00,  0.0000e+00,  0.0000e+00,  0.0000e+00,  0.0000e+00,
          4.8632e-04,  0.0000e+00,  0.0000e+00,  1.0760e-04,  2.5624e-04,
          0.0000e+00],
        [ 0.0000e+00,  0.0000e+00,  0.0000e+00,  0.0000e+00,  0.0000e+00,
          0.0000e+00,  0.0000e+00,  0.0000e+00,  0.0000e+00,  0.0000e+00,
          0.0000e+00,  0.0000e+00,  0.0000e+00,  0.0000e+00,  0.0000e+00,
          0.0000e+00,  0.0000e+00,  0.0000e+00,  0.0000e+00,  0.0000e+00,
          0.0000e+00],
        [ 0.0000e+00,  0.0000e+00,  0.0000e+00,  0.0000e+00,  0.0000e+00,
          0.0000e+00,  0.0000e+00,  0.0000e+00,  0.0000e+00,  0.0000e+00,
          0.0000e+00,  0.0000e+00,  0.0000e+00,  0.0000e+00,  0.0000e+00,
          0.0000e+00,  0.0000e+00,  0.0000e+00,  0.0000e+00,  0.0000e+00,
          0.0000e+00],
        [ 0.0000e+00,  7.3069e-05,  0.0000e+00,  0.0000e+00,  0.0000e+00,
          2.2726e-04,  0.0000e+00,  2.7964e-05,  4.6829e-05,  0.0000e+00,
          0.0000e+00,  0.0000e+00,  0.0000e+00,  0.0000e+00,  0.0000e+00,
          3.5239e-04,  0.0000e+00,  0.0000e+00,  7.7968e-05,  1.8567e-04,
          0.0000e+00],
        [ 0.0000e+00,  7.2051e-05,  0.0000e+00,  0.0000e+00,  0.0000e+00,
          2.2409e-04,  0.0000e+00,  2.7575e-05,  4.6177e-05,  0.0000e+00,
          0.0000e+00,  0.0000e+00,  0.0000e+00,  0.0000e+00,  0.0000e+00,
          3.4749e-04,  0.0000e+00,  0.0000e+00,  7.6882e-05,  1.8309e-04,
          0.0000e+00],
        [ 0.0000e+00,  7.1204e-06,  0.0000e+00,  0.0000e+00,  0.0000e+00,
          2.2146e-05,  0.0000e+00,  2.7251e-06,  4.5634e-06,  0.0000e+00,
          0.0000e+00,  0.0000e+00,  0.0000e+00,  0.0000e+00,  0.0000e+00,
          3.4340e-05,  0.0000e+00,  0.0000e+00,  7.5978e-06,  1.8094e-05,
          0.0000e+00]])

hidden.10.bias:
tensor([-0.0007,  0.0000, -0.0031,  0.0000,  0.0000,  0.0000,  0.0000,  0.0000,
        -0.0008,  0.0000,  0.0004,  0.0000, -0.0007,  0.0000,  0.0029,  0.0025,
         0.0000,  0.0000,  0.0018,  0.0018,  0.0002])

hidden.12.weight:
tensor([[ 0.0000e+00,  0.0000e+00,  0.0000e+00,  0.0000e+00,  0.0000e+00,
          0.0000e+00,  0.0000e+00,  0.0000e+00,  0.0000e+00,  0.0000e+00,
          0.0000e+00,  0.0000e+00,  0.0000e+00,  0.0000e+00,  0.0000e+00,
          0.0000e+00,  0.0000e+00,  0.0000e+00,  0.0000e+00,  0.0000e+00,
          0.0000e+00],
        [ 7.0645e-04,  0.0000e+00,  5.4219e-04,  0.0000e+00,  0.0000e+00,
          0.0000e+00,  0.0000e+00,  0.0000e+00,  4.2608e-04,  0.0000e+00,
          3.2144e-04,  0.0000e+00,  3.8137e-04,  0.0000e+00,  1.0357e-03,
          2.4040e-05,  0.0000e+00,  0.0000e+00,  1.0143e-03,  8.3710e-04,
          4.8197e-04],
        [ 0.0000e+00,  0.0000e+00,  0.0000e+00,  0.0000e+00,  0.0000e+00,
          0.0000e+00,  0.0000e+00,  0.0000e+00,  0.0000e+00,  0.0000e+00,
          0.0000e+00,  0.0000e+00,  0.0000e+00,  0.0000e+00,  0.0000e+00,
          0.0000e+00,  0.0000e+00,  0.0000e+00,  0.0000e+00,  0.0000e+00,
          0.0000e+00],
        [-4.5451e-04,  0.0000e+00, -3.4883e-04,  0.0000e+00,  0.0000e+00,
          0.0000e+00,  0.0000e+00,  0.0000e+00, -2.7413e-04,  0.0000e+00,
         -2.0680e-04,  0.0000e+00, -2.4536e-04,  0.0000e+00, -6.6632e-04,
         -1.5467e-05,  0.0000e+00,  0.0000e+00, -6.5258e-04, -5.3856e-04,
         -3.1008e-04],
        [ 0.0000e+00,  0.0000e+00,  0.0000e+00,  0.0000e+00,  0.0000e+00,
          0.0000e+00,  0.0000e+00,  0.0000e+00,  0.0000e+00,  0.0000e+00,
          0.0000e+00,  0.0000e+00,  0.0000e+00,  0.0000e+00,  0.0000e+00,
          0.0000e+00,  0.0000e+00,  0.0000e+00,  0.0000e+00,  0.0000e+00,
          0.0000e+00],
        [ 3.6291e-04,  0.0000e+00,  2.7853e-04,  0.0000e+00,  0.0000e+00,
          0.0000e+00,  0.0000e+00,  0.0000e+00,  2.1888e-04,  0.0000e+00,
          1.6512e-04,  0.0000e+00,  1.9591e-04,  0.0000e+00,  5.3203e-04,
          1.2350e-05,  0.0000e+00,  0.0000e+00,  5.2106e-04,  4.3002e-04,
          2.4759e-04],
        [ 0.0000e+00,  0.0000e+00,  0.0000e+00,  0.0000e+00,  0.0000e+00,
          0.0000e+00,  0.0000e+00,  0.0000e+00,  0.0000e+00,  0.0000e+00,
          0.0000e+00,  0.0000e+00,  0.0000e+00,  0.0000e+00,  0.0000e+00,
          0.0000e+00,  0.0000e+00,  0.0000e+00,  0.0000e+00,  0.0000e+00,
          0.0000e+00],
        [-1.8846e-04,  0.0000e+00, -1.4464e-04,  0.0000e+00,  0.0000e+00,
          0.0000e+00,  0.0000e+00,  0.0000e+00, -1.1367e-04,  0.0000e+00,
         -8.5749e-05,  0.0000e+00, -1.0174e-04,  0.0000e+00, -2.7629e-04,
         -6.4132e-06,  0.0000e+00,  0.0000e+00, -2.7059e-04, -2.2331e-04,
         -1.2857e-04],
        [ 4.5107e-05,  0.0000e+00,  3.4619e-05,  0.0000e+00,  0.0000e+00,
          0.0000e+00,  0.0000e+00,  0.0000e+00,  2.7206e-05,  0.0000e+00,
          2.0524e-05,  0.0000e+00,  2.4351e-05,  0.0000e+00,  6.6129e-05,
          1.5350e-06,  0.0000e+00,  0.0000e+00,  6.4765e-05,  5.3449e-05,
          3.0774e-05],
        [ 0.0000e+00,  0.0000e+00,  0.0000e+00,  0.0000e+00,  0.0000e+00,
          0.0000e+00,  0.0000e+00,  0.0000e+00,  0.0000e+00,  0.0000e+00,
          0.0000e+00,  0.0000e+00,  0.0000e+00,  0.0000e+00,  0.0000e+00,
          0.0000e+00,  0.0000e+00,  0.0000e+00,  0.0000e+00,  0.0000e+00,
          0.0000e+00],
        [-4.5165e-04,  0.0000e+00, -3.4663e-04,  0.0000e+00,  0.0000e+00,
          0.0000e+00,  0.0000e+00,  0.0000e+00, -2.7240e-04,  0.0000e+00,
         -2.0550e-04,  0.0000e+00, -2.4382e-04,  0.0000e+00, -6.6213e-04,
         -1.5369e-05,  0.0000e+00,  0.0000e+00, -6.4847e-04, -5.3517e-04,
         -3.0813e-04],
        [ 0.0000e+00,  0.0000e+00,  0.0000e+00,  0.0000e+00,  0.0000e+00,
          0.0000e+00,  0.0000e+00,  0.0000e+00,  0.0000e+00,  0.0000e+00,
          0.0000e+00,  0.0000e+00,  0.0000e+00,  0.0000e+00,  0.0000e+00,
          0.0000e+00,  0.0000e+00,  0.0000e+00,  0.0000e+00,  0.0000e+00,
          0.0000e+00],
        [ 0.0000e+00,  0.0000e+00,  0.0000e+00,  0.0000e+00,  0.0000e+00,
          0.0000e+00,  0.0000e+00,  0.0000e+00,  0.0000e+00,  0.0000e+00,
          0.0000e+00,  0.0000e+00,  0.0000e+00,  0.0000e+00,  0.0000e+00,
          0.0000e+00,  0.0000e+00,  0.0000e+00,  0.0000e+00,  0.0000e+00,
          0.0000e+00],
        [ 0.0000e+00,  0.0000e+00,  0.0000e+00,  0.0000e+00,  0.0000e+00,
          0.0000e+00,  0.0000e+00,  0.0000e+00,  0.0000e+00,  0.0000e+00,
          0.0000e+00,  0.0000e+00,  0.0000e+00,  0.0000e+00,  0.0000e+00,
          0.0000e+00,  0.0000e+00,  0.0000e+00,  0.0000e+00,  0.0000e+00,
          0.0000e+00],
        [ 1.5219e-04,  0.0000e+00,  1.1680e-04,  0.0000e+00,  0.0000e+00,
          0.0000e+00,  0.0000e+00,  0.0000e+00,  9.1788e-05,  0.0000e+00,
          6.9244e-05,  0.0000e+00,  8.2156e-05,  0.0000e+00,  2.2311e-04,
          5.1788e-06,  0.0000e+00,  0.0000e+00,  2.1851e-04,  1.8033e-04,
          1.0383e-04],
        [ 1.5795e-03,  0.0000e+00,  1.2123e-03,  0.0000e+00,  0.0000e+00,
          0.0000e+00,  0.0000e+00,  0.0000e+00,  9.5266e-04,  0.0000e+00,
          7.1868e-04,  0.0000e+00,  8.5270e-04,  0.0000e+00,  2.3156e-03,
          5.3751e-05,  0.0000e+00,  0.0000e+00,  2.2679e-03,  1.8716e-03,
          1.0776e-03],
        [ 5.3792e-04,  0.0000e+00,  4.1284e-04,  0.0000e+00,  0.0000e+00,
          0.0000e+00,  0.0000e+00,  0.0000e+00,  3.2443e-04,  0.0000e+00,
          2.4475e-04,  0.0000e+00,  2.9039e-04,  0.0000e+00,  7.8860e-04,
          1.8305e-05,  0.0000e+00,  0.0000e+00,  7.7233e-04,  6.3739e-04,
          3.6699e-04],
        [ 0.0000e+00,  0.0000e+00,  0.0000e+00,  0.0000e+00,  0.0000e+00,
          0.0000e+00,  0.0000e+00,  0.0000e+00,  0.0000e+00,  0.0000e+00,
          0.0000e+00,  0.0000e+00,  0.0000e+00,  0.0000e+00,  0.0000e+00,
          0.0000e+00,  0.0000e+00,  0.0000e+00,  0.0000e+00,  0.0000e+00,
          0.0000e+00],
        [ 0.0000e+00,  0.0000e+00,  0.0000e+00,  0.0000e+00,  0.0000e+00,
          0.0000e+00,  0.0000e+00,  0.0000e+00,  0.0000e+00,  0.0000e+00,
          0.0000e+00,  0.0000e+00,  0.0000e+00,  0.0000e+00,  0.0000e+00,
          0.0000e+00,  0.0000e+00,  0.0000e+00,  0.0000e+00,  0.0000e+00,
          0.0000e+00],
        [ 0.0000e+00,  0.0000e+00,  0.0000e+00,  0.0000e+00,  0.0000e+00,
          0.0000e+00,  0.0000e+00,  0.0000e+00,  0.0000e+00,  0.0000e+00,
          0.0000e+00,  0.0000e+00,  0.0000e+00,  0.0000e+00,  0.0000e+00,
          0.0000e+00,  0.0000e+00,  0.0000e+00,  0.0000e+00,  0.0000e+00,
          0.0000e+00],
        [ 0.0000e+00,  0.0000e+00,  0.0000e+00,  0.0000e+00,  0.0000e+00,
          0.0000e+00,  0.0000e+00,  0.0000e+00,  0.0000e+00,  0.0000e+00,
          0.0000e+00,  0.0000e+00,  0.0000e+00,  0.0000e+00,  0.0000e+00,
          0.0000e+00,  0.0000e+00,  0.0000e+00,  0.0000e+00,  0.0000e+00,
          0.0000e+00]])

hidden.12.bias:
tensor([ 0.0000,  0.0054,  0.0000, -0.0035,  0.0000,  0.0028,  0.0000, -0.0014,
         0.0003,  0.0000, -0.0034,  0.0000,  0.0000,  0.0000,  0.0012,  0.0120,
         0.0041,  0.0000,  0.0000,  0.0000,  0.0000])

hidden.14.weight:
tensor([[ 0.0000e+00, -1.2421e-03,  0.0000e+00, -2.7603e-04,  0.0000e+00,
         -6.5518e-04,  0.0000e+00, -2.8479e-04, -9.1353e-05,  0.0000e+00,
         -1.8691e-03,  0.0000e+00,  0.0000e+00,  0.0000e+00, -1.3714e-03,
         -2.3153e-04, -2.8889e-04,  0.0000e+00,  0.0000e+00,  0.0000e+00,
          0.0000e+00],
        [ 0.0000e+00,  0.0000e+00,  0.0000e+00,  0.0000e+00,  0.0000e+00,
          0.0000e+00,  0.0000e+00,  0.0000e+00,  0.0000e+00,  0.0000e+00,
          0.0000e+00,  0.0000e+00,  0.0000e+00,  0.0000e+00,  0.0000e+00,
          0.0000e+00,  0.0000e+00,  0.0000e+00,  0.0000e+00,  0.0000e+00,
          0.0000e+00],
        [ 0.0000e+00,  0.0000e+00,  0.0000e+00,  0.0000e+00,  0.0000e+00,
          0.0000e+00,  0.0000e+00,  0.0000e+00,  0.0000e+00,  0.0000e+00,
          0.0000e+00,  0.0000e+00,  0.0000e+00,  0.0000e+00,  0.0000e+00,
          0.0000e+00,  0.0000e+00,  0.0000e+00,  0.0000e+00,  0.0000e+00,
          0.0000e+00],
        [ 0.0000e+00, -4.3107e-03,  0.0000e+00, -9.5794e-04,  0.0000e+00,
         -2.2738e-03,  0.0000e+00, -9.8836e-04, -3.1704e-04,  0.0000e+00,
         -6.4866e-03,  0.0000e+00,  0.0000e+00,  0.0000e+00, -4.7594e-03,
         -8.0353e-04, -1.0026e-03,  0.0000e+00,  0.0000e+00,  0.0000e+00,
          0.0000e+00],
        [ 0.0000e+00,  0.0000e+00,  0.0000e+00,  0.0000e+00,  0.0000e+00,
          0.0000e+00,  0.0000e+00,  0.0000e+00,  0.0000e+00,  0.0000e+00,
          0.0000e+00,  0.0000e+00,  0.0000e+00,  0.0000e+00,  0.0000e+00,
          0.0000e+00,  0.0000e+00,  0.0000e+00,  0.0000e+00,  0.0000e+00,
          0.0000e+00],
        [ 0.0000e+00,  0.0000e+00,  0.0000e+00,  0.0000e+00,  0.0000e+00,
          0.0000e+00,  0.0000e+00,  0.0000e+00,  0.0000e+00,  0.0000e+00,
          0.0000e+00,  0.0000e+00,  0.0000e+00,  0.0000e+00,  0.0000e+00,
          0.0000e+00,  0.0000e+00,  0.0000e+00,  0.0000e+00,  0.0000e+00,
          0.0000e+00],
        [ 0.0000e+00,  0.0000e+00,  0.0000e+00,  0.0000e+00,  0.0000e+00,
          0.0000e+00,  0.0000e+00,  0.0000e+00,  0.0000e+00,  0.0000e+00,
          0.0000e+00,  0.0000e+00,  0.0000e+00,  0.0000e+00,  0.0000e+00,
          0.0000e+00,  0.0000e+00,  0.0000e+00,  0.0000e+00,  0.0000e+00,
          0.0000e+00],
        [ 0.0000e+00,  1.2472e-03,  0.0000e+00,  2.7715e-04,  0.0000e+00,
          6.5785e-04,  0.0000e+00,  2.8595e-04,  9.1726e-05,  0.0000e+00,
          1.8767e-03,  0.0000e+00,  0.0000e+00,  0.0000e+00,  1.3770e-03,
          2.3247e-04,  2.9007e-04,  0.0000e+00,  0.0000e+00,  0.0000e+00,
          0.0000e+00],
        [ 0.0000e+00,  0.0000e+00,  0.0000e+00,  0.0000e+00,  0.0000e+00,
          0.0000e+00,  0.0000e+00,  0.0000e+00,  0.0000e+00,  0.0000e+00,
          0.0000e+00,  0.0000e+00,  0.0000e+00,  0.0000e+00,  0.0000e+00,
          0.0000e+00,  0.0000e+00,  0.0000e+00,  0.0000e+00,  0.0000e+00,
          0.0000e+00],
        [ 0.0000e+00,  1.8216e-03,  0.0000e+00,  4.0481e-04,  0.0000e+00,
          9.6085e-04,  0.0000e+00,  4.1766e-04,  1.3397e-04,  0.0000e+00,
          2.7411e-03,  0.0000e+00,  0.0000e+00,  0.0000e+00,  2.0112e-03,
          3.3955e-04,  4.2368e-04,  0.0000e+00,  0.0000e+00,  0.0000e+00,
          0.0000e+00],
        [ 0.0000e+00,  0.0000e+00,  0.0000e+00,  0.0000e+00,  0.0000e+00,
          0.0000e+00,  0.0000e+00,  0.0000e+00,  0.0000e+00,  0.0000e+00,
          0.0000e+00,  0.0000e+00,  0.0000e+00,  0.0000e+00,  0.0000e+00,
          0.0000e+00,  0.0000e+00,  0.0000e+00,  0.0000e+00,  0.0000e+00,
          0.0000e+00],
        [ 0.0000e+00,  2.0660e-04,  0.0000e+00,  4.5912e-05,  0.0000e+00,
          1.0898e-04,  0.0000e+00,  4.7370e-05,  1.5195e-05,  0.0000e+00,
          3.1089e-04,  0.0000e+00,  0.0000e+00,  0.0000e+00,  2.2811e-04,
          3.8511e-05,  4.8052e-05,  0.0000e+00,  0.0000e+00,  0.0000e+00,
          0.0000e+00],
        [ 0.0000e+00,  0.0000e+00,  0.0000e+00,  0.0000e+00,  0.0000e+00,
          0.0000e+00,  0.0000e+00,  0.0000e+00,  0.0000e+00,  0.0000e+00,
          0.0000e+00,  0.0000e+00,  0.0000e+00,  0.0000e+00,  0.0000e+00,
          0.0000e+00,  0.0000e+00,  0.0000e+00,  0.0000e+00,  0.0000e+00,
          0.0000e+00],
        [ 0.0000e+00,  0.0000e+00,  0.0000e+00,  0.0000e+00,  0.0000e+00,
          0.0000e+00,  0.0000e+00,  0.0000e+00,  0.0000e+00,  0.0000e+00,
          0.0000e+00,  0.0000e+00,  0.0000e+00,  0.0000e+00,  0.0000e+00,
          0.0000e+00,  0.0000e+00,  0.0000e+00,  0.0000e+00,  0.0000e+00,
          0.0000e+00],
        [ 0.0000e+00, -1.4847e-03,  0.0000e+00, -3.2993e-04,  0.0000e+00,
         -7.8313e-04,  0.0000e+00, -3.4041e-04, -1.0919e-04,  0.0000e+00,
         -2.2341e-03,  0.0000e+00,  0.0000e+00,  0.0000e+00, -1.6392e-03,
         -2.7675e-04, -3.4531e-04,  0.0000e+00,  0.0000e+00,  0.0000e+00,
          0.0000e+00],
        [ 0.0000e+00,  2.7237e-03,  0.0000e+00,  6.0527e-04,  0.0000e+00,
          1.4367e-03,  0.0000e+00,  6.2449e-04,  2.0032e-04,  0.0000e+00,
          4.0985e-03,  0.0000e+00,  0.0000e+00,  0.0000e+00,  3.0072e-03,
          5.0770e-04,  6.3349e-04,  0.0000e+00,  0.0000e+00,  0.0000e+00,
          0.0000e+00],
        [ 0.0000e+00, -1.7582e-03,  0.0000e+00, -3.9071e-04,  0.0000e+00,
         -9.2740e-04,  0.0000e+00, -4.0312e-04, -1.2931e-04,  0.0000e+00,
         -2.6457e-03,  0.0000e+00,  0.0000e+00,  0.0000e+00, -1.9412e-03,
         -3.2773e-04, -4.0893e-04,  0.0000e+00,  0.0000e+00,  0.0000e+00,
          0.0000e+00],
        [ 0.0000e+00,  0.0000e+00,  0.0000e+00,  0.0000e+00,  0.0000e+00,
          0.0000e+00,  0.0000e+00,  0.0000e+00,  0.0000e+00,  0.0000e+00,
          0.0000e+00,  0.0000e+00,  0.0000e+00,  0.0000e+00,  0.0000e+00,
          0.0000e+00,  0.0000e+00,  0.0000e+00,  0.0000e+00,  0.0000e+00,
          0.0000e+00],
        [ 0.0000e+00,  4.4666e-03,  0.0000e+00,  9.9259e-04,  0.0000e+00,
          2.3560e-03,  0.0000e+00,  1.0241e-03,  3.2851e-04,  0.0000e+00,
          6.7212e-03,  0.0000e+00,  0.0000e+00,  0.0000e+00,  4.9315e-03,
          8.3259e-04,  1.0389e-03,  0.0000e+00,  0.0000e+00,  0.0000e+00,
          0.0000e+00],
        [ 0.0000e+00,  0.0000e+00,  0.0000e+00,  0.0000e+00,  0.0000e+00,
          0.0000e+00,  0.0000e+00,  0.0000e+00,  0.0000e+00,  0.0000e+00,
          0.0000e+00,  0.0000e+00,  0.0000e+00,  0.0000e+00,  0.0000e+00,
          0.0000e+00,  0.0000e+00,  0.0000e+00,  0.0000e+00,  0.0000e+00,
          0.0000e+00],
        [ 0.0000e+00, -2.1901e-03,  0.0000e+00, -4.8669e-04,  0.0000e+00,
         -1.1552e-03,  0.0000e+00, -5.0215e-04, -1.6108e-04,  0.0000e+00,
         -3.2956e-03,  0.0000e+00,  0.0000e+00,  0.0000e+00, -2.4181e-03,
         -4.0824e-04, -5.0938e-04,  0.0000e+00,  0.0000e+00,  0.0000e+00,
          0.0000e+00]])

hidden.14.bias:
tensor([-0.0074,  0.0000,  0.0000, -0.0258,  0.0000,  0.0000,  0.0000,  0.0075,
         0.0000,  0.0109,  0.0000,  0.0012,  0.0000,  0.0000, -0.0089,  0.0163,
        -0.0105,  0.0000,  0.0267,  0.0000, -0.0131])

hidden.16.weight:
tensor([[ 1.2589e-02,  0.0000e+00,  0.0000e+00,  8.2707e-03,  0.0000e+00,
          0.0000e+00,  0.0000e+00,  2.1739e-03,  0.0000e+00,  1.4954e-02,
          0.0000e+00,  2.7271e-03,  0.0000e+00,  0.0000e+00,  2.2176e-03,
          7.1680e-03,  7.8050e-03,  0.0000e+00,  1.6951e-02,  0.0000e+00,
          1.3528e-02],
        [-7.2644e-03,  0.0000e+00,  0.0000e+00, -4.7724e-03,  0.0000e+00,
          0.0000e+00,  0.0000e+00, -1.2544e-03,  0.0000e+00, -8.6286e-03,
          0.0000e+00, -1.5736e-03,  0.0000e+00,  0.0000e+00, -1.2796e-03,
         -4.1361e-03, -4.5036e-03,  0.0000e+00, -9.7811e-03,  0.0000e+00,
         -7.8061e-03],
        [-1.9917e-03,  0.0000e+00,  0.0000e+00, -1.3085e-03,  0.0000e+00,
          0.0000e+00,  0.0000e+00, -3.4393e-04,  0.0000e+00, -2.3658e-03,
          0.0000e+00, -4.3144e-04,  0.0000e+00,  0.0000e+00, -3.5084e-04,
         -1.1340e-03, -1.2348e-03,  0.0000e+00, -2.6817e-03,  0.0000e+00,
         -2.1402e-03],
        [ 0.0000e+00,  0.0000e+00,  0.0000e+00,  0.0000e+00,  0.0000e+00,
          0.0000e+00,  0.0000e+00,  0.0000e+00,  0.0000e+00,  0.0000e+00,
          0.0000e+00,  0.0000e+00,  0.0000e+00,  0.0000e+00,  0.0000e+00,
          0.0000e+00,  0.0000e+00,  0.0000e+00,  0.0000e+00,  0.0000e+00,
          0.0000e+00],
        [-9.6094e-03,  0.0000e+00,  0.0000e+00, -6.3130e-03,  0.0000e+00,
          0.0000e+00,  0.0000e+00, -1.6594e-03,  0.0000e+00, -1.1414e-02,
          0.0000e+00, -2.0816e-03,  0.0000e+00,  0.0000e+00, -1.6927e-03,
         -5.4712e-03, -5.9575e-03,  0.0000e+00, -1.2939e-02,  0.0000e+00,
         -1.0326e-02],
        [ 0.0000e+00,  0.0000e+00,  0.0000e+00,  0.0000e+00,  0.0000e+00,
          0.0000e+00,  0.0000e+00,  0.0000e+00,  0.0000e+00,  0.0000e+00,
          0.0000e+00,  0.0000e+00,  0.0000e+00,  0.0000e+00,  0.0000e+00,
          0.0000e+00,  0.0000e+00,  0.0000e+00,  0.0000e+00,  0.0000e+00,
          0.0000e+00],
        [-2.0645e-03,  0.0000e+00,  0.0000e+00, -1.3563e-03,  0.0000e+00,
          0.0000e+00,  0.0000e+00, -3.5650e-04,  0.0000e+00, -2.4522e-03,
          0.0000e+00, -4.4721e-04,  0.0000e+00,  0.0000e+00, -3.6367e-04,
         -1.1755e-03, -1.2799e-03,  0.0000e+00, -2.7798e-03,  0.0000e+00,
         -2.2185e-03],
        [ 4.4927e-04,  0.0000e+00,  0.0000e+00,  2.9515e-04,  0.0000e+00,
          0.0000e+00,  0.0000e+00,  7.7580e-05,  0.0000e+00,  5.3364e-04,
          0.0000e+00,  9.7319e-05,  0.0000e+00,  0.0000e+00,  7.9139e-05,
          2.5580e-04,  2.7853e-04,  0.0000e+00,  6.0492e-04,  0.0000e+00,
          4.8277e-04],
        [ 0.0000e+00,  0.0000e+00,  0.0000e+00,  0.0000e+00,  0.0000e+00,
          0.0000e+00,  0.0000e+00,  0.0000e+00,  0.0000e+00,  0.0000e+00,
          0.0000e+00,  0.0000e+00,  0.0000e+00,  0.0000e+00,  0.0000e+00,
          0.0000e+00,  0.0000e+00,  0.0000e+00,  0.0000e+00,  0.0000e+00,
          0.0000e+00],
        [ 0.0000e+00,  0.0000e+00,  0.0000e+00,  0.0000e+00,  0.0000e+00,
          0.0000e+00,  0.0000e+00,  0.0000e+00,  0.0000e+00,  0.0000e+00,
          0.0000e+00,  0.0000e+00,  0.0000e+00,  0.0000e+00,  0.0000e+00,
          0.0000e+00,  0.0000e+00,  0.0000e+00,  0.0000e+00,  0.0000e+00,
          0.0000e+00],
        [ 0.0000e+00,  0.0000e+00,  0.0000e+00,  0.0000e+00,  0.0000e+00,
          0.0000e+00,  0.0000e+00,  0.0000e+00,  0.0000e+00,  0.0000e+00,
          0.0000e+00,  0.0000e+00,  0.0000e+00,  0.0000e+00,  0.0000e+00,
          0.0000e+00,  0.0000e+00,  0.0000e+00,  0.0000e+00,  0.0000e+00,
          0.0000e+00],
        [ 0.0000e+00,  0.0000e+00,  0.0000e+00,  0.0000e+00,  0.0000e+00,
          0.0000e+00,  0.0000e+00,  0.0000e+00,  0.0000e+00,  0.0000e+00,
          0.0000e+00,  0.0000e+00,  0.0000e+00,  0.0000e+00,  0.0000e+00,
          0.0000e+00,  0.0000e+00,  0.0000e+00,  0.0000e+00,  0.0000e+00,
          0.0000e+00],
        [ 0.0000e+00,  0.0000e+00,  0.0000e+00,  0.0000e+00,  0.0000e+00,
          0.0000e+00,  0.0000e+00,  0.0000e+00,  0.0000e+00,  0.0000e+00,
          0.0000e+00,  0.0000e+00,  0.0000e+00,  0.0000e+00,  0.0000e+00,
          0.0000e+00,  0.0000e+00,  0.0000e+00,  0.0000e+00,  0.0000e+00,
          0.0000e+00],
        [ 0.0000e+00,  0.0000e+00,  0.0000e+00,  0.0000e+00,  0.0000e+00,
          0.0000e+00,  0.0000e+00,  0.0000e+00,  0.0000e+00,  0.0000e+00,
          0.0000e+00,  0.0000e+00,  0.0000e+00,  0.0000e+00,  0.0000e+00,
          0.0000e+00,  0.0000e+00,  0.0000e+00,  0.0000e+00,  0.0000e+00,
          0.0000e+00],
        [ 0.0000e+00,  0.0000e+00,  0.0000e+00,  0.0000e+00,  0.0000e+00,
          0.0000e+00,  0.0000e+00,  0.0000e+00,  0.0000e+00,  0.0000e+00,
          0.0000e+00,  0.0000e+00,  0.0000e+00,  0.0000e+00,  0.0000e+00,
          0.0000e+00,  0.0000e+00,  0.0000e+00,  0.0000e+00,  0.0000e+00,
          0.0000e+00],
        [ 3.1833e-04,  0.0000e+00,  0.0000e+00,  2.0913e-04,  0.0000e+00,
          0.0000e+00,  0.0000e+00,  5.4968e-05,  0.0000e+00,  3.7811e-04,
          0.0000e+00,  6.8954e-05,  0.0000e+00,  0.0000e+00,  5.6073e-05,
          1.8124e-04,  1.9735e-04,  0.0000e+00,  4.2861e-04,  0.0000e+00,
          3.4206e-04],
        [ 0.0000e+00,  0.0000e+00,  0.0000e+00,  0.0000e+00,  0.0000e+00,
          0.0000e+00,  0.0000e+00,  0.0000e+00,  0.0000e+00,  0.0000e+00,
          0.0000e+00,  0.0000e+00,  0.0000e+00,  0.0000e+00,  0.0000e+00,
          0.0000e+00,  0.0000e+00,  0.0000e+00,  0.0000e+00,  0.0000e+00,
          0.0000e+00],
        [ 0.0000e+00,  0.0000e+00,  0.0000e+00,  0.0000e+00,  0.0000e+00,
          0.0000e+00,  0.0000e+00,  0.0000e+00,  0.0000e+00,  0.0000e+00,
          0.0000e+00,  0.0000e+00,  0.0000e+00,  0.0000e+00,  0.0000e+00,
          0.0000e+00,  0.0000e+00,  0.0000e+00,  0.0000e+00,  0.0000e+00,
          0.0000e+00],
        [-1.6155e-02,  0.0000e+00,  0.0000e+00, -1.0613e-02,  0.0000e+00,
          0.0000e+00,  0.0000e+00, -2.7896e-03,  0.0000e+00, -1.9189e-02,
          0.0000e+00, -3.4994e-03,  0.0000e+00,  0.0000e+00, -2.8457e-03,
         -9.1979e-03, -1.0015e-02,  0.0000e+00, -2.1751e-02,  0.0000e+00,
         -1.7359e-02],
        [ 0.0000e+00,  0.0000e+00,  0.0000e+00,  0.0000e+00,  0.0000e+00,
          0.0000e+00,  0.0000e+00,  0.0000e+00,  0.0000e+00,  0.0000e+00,
          0.0000e+00,  0.0000e+00,  0.0000e+00,  0.0000e+00,  0.0000e+00,
          0.0000e+00,  0.0000e+00,  0.0000e+00,  0.0000e+00,  0.0000e+00,
          0.0000e+00],
        [ 0.0000e+00,  0.0000e+00,  0.0000e+00,  0.0000e+00,  0.0000e+00,
          0.0000e+00,  0.0000e+00,  0.0000e+00,  0.0000e+00,  0.0000e+00,
          0.0000e+00,  0.0000e+00,  0.0000e+00,  0.0000e+00,  0.0000e+00,
          0.0000e+00,  0.0000e+00,  0.0000e+00,  0.0000e+00,  0.0000e+00,
          0.0000e+00]])

hidden.16.bias:
tensor([ 0.0572, -0.0330, -0.0090,  0.0000, -0.0436,  0.0000, -0.0094,  0.0020,
         0.0000,  0.0000,  0.0000,  0.0000,  0.0000,  0.0000,  0.0000,  0.0014,
         0.0000,  0.0000, -0.0733,  0.0000,  0.0000])

hidden.18.weight:
tensor([[ 0.0000,  0.0000,  0.0000,  0.0000,  0.0000,  0.0000,  0.0000,  0.0000,
          0.0000,  0.0000,  0.0000,  0.0000,  0.0000,  0.0000,  0.0000,  0.0000,
          0.0000,  0.0000,  0.0000,  0.0000,  0.0000],
        [ 0.0000,  0.0000,  0.0000,  0.0000,  0.0000,  0.0000,  0.0000,  0.0000,
          0.0000,  0.0000,  0.0000,  0.0000,  0.0000,  0.0000,  0.0000,  0.0000,
          0.0000,  0.0000,  0.0000,  0.0000,  0.0000],
        [-0.0103, -0.0265, -0.0190,  0.0000, -0.0306,  0.0000, -0.0257, -0.0138,
          0.0000,  0.0000,  0.0000,  0.0000,  0.0000,  0.0000,  0.0000, -0.0487,
          0.0000,  0.0000, -0.0330,  0.0000,  0.0000],
        [ 0.0024,  0.0063,  0.0045,  0.0000,  0.0073,  0.0000,  0.0061,  0.0033,
          0.0000,  0.0000,  0.0000,  0.0000,  0.0000,  0.0000,  0.0000,  0.0116,
          0.0000,  0.0000,  0.0078,  0.0000,  0.0000],
        [ 0.0000,  0.0000,  0.0000,  0.0000,  0.0000,  0.0000,  0.0000,  0.0000,
          0.0000,  0.0000,  0.0000,  0.0000,  0.0000,  0.0000,  0.0000,  0.0000,
          0.0000,  0.0000,  0.0000,  0.0000,  0.0000],
        [-0.0033, -0.0085, -0.0061,  0.0000, -0.0098,  0.0000, -0.0083, -0.0044,
          0.0000,  0.0000,  0.0000,  0.0000,  0.0000,  0.0000,  0.0000, -0.0156,
          0.0000,  0.0000, -0.0106,  0.0000,  0.0000],
        [-0.0077, -0.0197, -0.0141,  0.0000, -0.0228,  0.0000, -0.0192, -0.0103,
          0.0000,  0.0000,  0.0000,  0.0000,  0.0000,  0.0000,  0.0000, -0.0363,
          0.0000,  0.0000, -0.0246,  0.0000,  0.0000],
        [ 0.0097,  0.0249,  0.0178,  0.0000,  0.0288,  0.0000,  0.0242,  0.0129,
          0.0000,  0.0000,  0.0000,  0.0000,  0.0000,  0.0000,  0.0000,  0.0457,
          0.0000,  0.0000,  0.0310,  0.0000,  0.0000],
        [ 0.0078,  0.0201,  0.0144,  0.0000,  0.0233,  0.0000,  0.0196,  0.0104,
          0.0000,  0.0000,  0.0000,  0.0000,  0.0000,  0.0000,  0.0000,  0.0370,
          0.0000,  0.0000,  0.0251,  0.0000,  0.0000],
        [-0.0101, -0.0259, -0.0185,  0.0000, -0.0299,  0.0000, -0.0252, -0.0134,
          0.0000,  0.0000,  0.0000,  0.0000,  0.0000,  0.0000,  0.0000, -0.0476,
          0.0000,  0.0000, -0.0323,  0.0000,  0.0000],
        [-0.0066, -0.0170, -0.0122,  0.0000, -0.0197,  0.0000, -0.0165, -0.0088,
          0.0000,  0.0000,  0.0000,  0.0000,  0.0000,  0.0000,  0.0000, -0.0313,
          0.0000,  0.0000, -0.0212,  0.0000,  0.0000],
        [ 0.0008,  0.0021,  0.0015,  0.0000,  0.0025,  0.0000,  0.0021,  0.0011,
          0.0000,  0.0000,  0.0000,  0.0000,  0.0000,  0.0000,  0.0000,  0.0039,
          0.0000,  0.0000,  0.0026,  0.0000,  0.0000],
        [ 0.0059,  0.0152,  0.0109,  0.0000,  0.0176,  0.0000,  0.0148,  0.0079,
          0.0000,  0.0000,  0.0000,  0.0000,  0.0000,  0.0000,  0.0000,  0.0280,
          0.0000,  0.0000,  0.0190,  0.0000,  0.0000],
        [ 0.0000,  0.0000,  0.0000,  0.0000,  0.0000,  0.0000,  0.0000,  0.0000,
          0.0000,  0.0000,  0.0000,  0.0000,  0.0000,  0.0000,  0.0000,  0.0000,
          0.0000,  0.0000,  0.0000,  0.0000,  0.0000],
        [-0.0032, -0.0082, -0.0059,  0.0000, -0.0095,  0.0000, -0.0080, -0.0043,
          0.0000,  0.0000,  0.0000,  0.0000,  0.0000,  0.0000,  0.0000, -0.0151,
          0.0000,  0.0000, -0.0102,  0.0000,  0.0000],
        [ 0.0018,  0.0047,  0.0034,  0.0000,  0.0054,  0.0000,  0.0046,  0.0024,
          0.0000,  0.0000,  0.0000,  0.0000,  0.0000,  0.0000,  0.0000,  0.0086,
          0.0000,  0.0000,  0.0059,  0.0000,  0.0000],
        [ 0.0005,  0.0012,  0.0008,  0.0000,  0.0014,  0.0000,  0.0011,  0.0006,
          0.0000,  0.0000,  0.0000,  0.0000,  0.0000,  0.0000,  0.0000,  0.0022,
          0.0000,  0.0000,  0.0015,  0.0000,  0.0000],
        [-0.0098, -0.0251, -0.0180,  0.0000, -0.0290,  0.0000, -0.0244, -0.0131,
          0.0000,  0.0000,  0.0000,  0.0000,  0.0000,  0.0000,  0.0000, -0.0462,
          0.0000,  0.0000, -0.0313,  0.0000,  0.0000],
        [ 0.0015,  0.0039,  0.0028,  0.0000,  0.0045,  0.0000,  0.0038,  0.0020,
          0.0000,  0.0000,  0.0000,  0.0000,  0.0000,  0.0000,  0.0000,  0.0071,
          0.0000,  0.0000,  0.0048,  0.0000,  0.0000],
        [ 0.0000,  0.0000,  0.0000,  0.0000,  0.0000,  0.0000,  0.0000,  0.0000,
          0.0000,  0.0000,  0.0000,  0.0000,  0.0000,  0.0000,  0.0000,  0.0000,
          0.0000,  0.0000,  0.0000,  0.0000,  0.0000],
        [ 0.0000,  0.0000,  0.0000,  0.0000,  0.0000,  0.0000,  0.0000,  0.0000,
          0.0000,  0.0000,  0.0000,  0.0000,  0.0000,  0.0000,  0.0000,  0.0000,
          0.0000,  0.0000,  0.0000,  0.0000,  0.0000]])

hidden.18.bias:
tensor([ 0.0000,  0.0000, -0.1646,  0.0391,  0.0000, -0.0528, -0.1227,  0.1546,
         0.1251, -0.1609, -0.1057,  0.0132,  0.0946,  0.0000, -0.0511,  0.0292,
         0.0073, -0.1562,  0.0240,  0.0000,  0.0000])

output.0.weight:
tensor([[ 0.0000,  0.0000, -0.2263, -0.0141,  0.0000, -0.0655, -0.0854, -0.0124,
         -0.0443, -0.1538, -0.0348, -0.1015, -0.1281,  0.0000, -0.0499, -0.1618,
         -0.0769, -0.1245, -0.0116,  0.0000,  0.0000]])

output.0.bias:
tensor([-0.7625])

